1	1644	the	0.0615892	0.0615892
2	872	and	0.0326677	0.0653355
3	729	to	0.0273105	0.0819316
4	632	a	0.0236766	0.0947065
5	541	she	0.0202675	0.101337
6	530	it	0.0198554	0.119132
7	514	of	0.019256	0.134792
8	462	said	0.0173079	0.138463
9	410	i	0.0153598	0.138238
10	386	alice	0.0144607	0.144607
11	369	in	0.0138238	0.152062
12	365	you	0.013674	0.164088
13	357	was	0.0133743	0.173866
14	280	that	0.0104896	0.146855
15	263	as	0.00985277	0.147792
16	248	her	0.00929083	0.148653
17	212	at	0.00794216	0.135017
18	193	on	0.00723036	0.130146
19	182	all	0.00681827	0.129547
20	181	with	0.0067808	0.135616
21	178	had	0.00666841	0.140037
22	170	but	0.00636871	0.140112
23	153	for	0.00573184	0.131832
24	151	so	0.00565691	0.135766
25	148	be	0.00554452	0.138613
26	145	not	0.00543214	0.141236
27	144	very	0.00539467	0.145656
28	136	what	0.00509497	0.142659
29	134	this	0.00502004	0.145581
30	130	they	0.00487019	0.146106
31	128	little	0.00479526	0.148653
32	120	he	0.00449556	0.143858
33	117	out	0.00438317	0.144645
34	108	is	0.004046	0.137564
35	103	one	0.00385869	0.135054
36	102	down	0.00382123	0.137564
37	100	up	0.0037463	0.138613
38	96	if	0.00359645	0.136665
39	96	his	0.00359645	0.140261
40	94	then	0.00352152	0.140861
41	94	about	0.00352152	0.144382
42	90	no	0.00337167	0.14161
43	88	them	0.00329674	0.14176
44	88	know	0.00329674	0.145057
45	85	were	0.00318436	0.143296
46	85	like	0.00318436	0.14648
47	83	would	0.00310943	0.146143
48	83	went	0.00310943	0.149253
49	83	herself	0.00310943	0.152362
50	83	again	0.00310943	0.155471
51	81	do	0.0030345	0.15476
52	80	have	0.00299704	0.155846
53	79	when	0.00295958	0.156858
54	77	or	0.00288465	0.155771
55	77	could	0.00288465	0.158656
56	75	there	0.00280973	0.157345
57	74	thought	0.00277226	0.158019
58	73	off	0.0027348	0.158618
59	71	time	0.00265987	0.156933
60	68	queen	0.00254748	0.152849
61	68	me	0.00254748	0.155397
62	68	how	0.00254748	0.157944
63	67	see	0.00251002	0.158131
64	67	into	0.00251002	0.160641
65	63	well	0.00236017	0.153411
66	63	did	0.00236017	0.155771
67	62	your	0.00232271	0.155621
68	61	who	0.00228524	0.155397
69	61	king	0.00228524	0.157682
70	61	don't	0.00228524	0.159967
71	60	now	0.00224778	0.159592
72	59	i'm	0.00221032	0.159143
73	58	my	0.00217285	0.158618
74	58	by	0.00217285	0.160791
75	58	began	0.00217285	0.162964
76	57	turtle	0.00213539	0.16229
77	57	it's	0.00213539	0.164425
78	57	its	0.00213539	0.166561
79	57	an	0.00213539	0.168696
80	56	way	0.00209793	0.167834
81	56	mock	0.00209793	0.169932
82	55	quite	0.00206047	0.168958
83	55	hatter	0.00206047	0.171019
84	55	gryphon	0.00206047	0.173079
85	54	are	0.002023	0.171955
86	53	think	0.00198554	0.170756
87	52	their	0.00194808	0.169483
88	52	just	0.00194808	0.171431
89	51	some	0.00191061	0.170045
90	51	say	0.00191061	0.171955
91	51	much	0.00191061	0.173866
92	51	here	0.00191061	0.175776
93	51	first	0.00191061	0.177687
94	50	only	0.00187315	0.176076
95	50	go	0.00187315	0.177949
96	49	which	0.00183569	0.176226
97	49	thing	0.00183569	0.178062
98	49	more	0.00183569	0.179897
99	49	head	0.00183569	0.181733
100	48	voice	0.00179822	0.179822
101	48	never	0.00179822	0.181621
102	47	rabbit	0.00176076	0.179598
103	46	get	0.0017233	0.1775
104	46	come	0.0017233	0.179223
105	45	oh	0.00168584	0.177013
106	45	looked	0.00168584	0.178699
107	45	got	0.00168584	0.180384
108	44	must	0.00164837	0.178024
109	43	mouse	0.00161091	0.175589
110	43	him	0.00161091	0.1772
111	43	after	0.00161091	0.178811
112	41	such	0.00153598	0.17203
113	41	round	0.00153598	0.173566
114	40	why	0.00149852	0.170831
115	40	two	0.00149852	0.17233
116	40	tone	0.00149852	0.173828
117	40	over	0.00149852	0.175327
118	40	other	0.00149852	0.176825
119	40	came	0.00149852	0.178324
120	39	great	0.00146106	0.175327
121	39	duchess	0.00146106	0.176788
122	39	dormouse	0.00146106	0.178249
123	39	back	0.00146106	0.17971
124	39	any	0.00146106	0.181171
125	38	before	0.00142359	0.177949
126	38	been	0.00142359	0.179373
127	36	from	0.00134867	0.171281
128	35	cat	0.00131121	0.167834
129	35	can	0.00131121	0.169145
130	34	that's	0.00127374	0.165586
131	34	once	0.00127374	0.16686
132	34	nothing	0.00127374	0.168134
133	34	march	0.00127374	0.169408
134	34	i've	0.00127374	0.170681
135	33	will	0.00123628	0.166898
136	33	last	0.00123628	0.168134
137	33	large	0.00123628	0.16937
138	32	tell	0.00119882	0.165437
139	32	right	0.00119882	0.166635
140	32	looking	0.00119882	0.167834
141	32	long	0.00119882	0.169033
142	32	found	0.00119882	0.170232
143	31	things	0.00116135	0.166074
144	31	put	0.00116135	0.167235
145	31	i'll	0.00116135	0.168396
146	31	hare	0.00116135	0.169558
147	30	white	0.00112389	0.165212
148	30	we	0.00112389	0.166336
149	30	next	0.00112389	0.16746
150	30	made	0.00112389	0.168584
151	30	heard	0.00112389	0.169707
152	30	door	0.00112389	0.170831
153	29	replied	0.00108643	0.166223
154	29	moment	0.00108643	0.16731
155	29	look	0.00108643	0.168396
156	29	eyes	0.00108643	0.169483
157	29	dear	0.00108643	0.170569
158	29	day	0.00108643	0.171655
159	28	three	0.00104896	0.166785
160	28	might	0.00104896	0.167834
161	28	can't	0.00104896	0.168883
162	27	should	0.0010115	0.163863
163	27	seemed	0.0010115	0.164875
164	27	poor	0.0010115	0.165886
165	27	make	0.0010115	0.166898
166	27	good	0.0010115	0.167909
167	27	going	0.0010115	0.168921
168	27	caterpillar	0.0010115	0.169932
169	26	without	0.000974038	0.164612
170	26	upon	0.000974038	0.165586
171	26	too	0.000974038	0.166561
172	26	course	0.000974038	0.167535
173	25	yet	0.000936575	0.162027
174	25	while	0.000936575	0.162964
175	25	soon	0.000936575	0.163901
176	25	shall	0.000936575	0.164837
177	25	rather	0.000936575	0.165774
178	25	away	0.000936575	0.16671
179	24	won't	0.000899112	0.160941
180	24	took	0.000899112	0.16184
181	24	there's	0.000899112	0.162739
182	24	than	0.000899112	0.163638
183	24	sure	0.000899112	0.164538
184	24	same	0.000899112	0.165437
185	23	you're	0.000861649	0.159405
186	23	half	0.000861649	0.160267
187	23	felt	0.000861649	0.161128
188	23	added	0.000861649	0.16199
189	22	take	0.000824186	0.155771
190	22	jury	0.000824186	0.156595
191	22	getting	0.000824186	0.15742
192	22	another	0.000824186	0.158244
193	21	words	0.000786723	0.151838
194	21	wish	0.000786723	0.152624
195	21	till	0.000786723	0.153411
196	21	minute	0.000786723	0.154198
197	21	hand	0.000786723	0.154984
198	21	find	0.000786723	0.155771
199	21	ever	0.000786723	0.156558
200	20	sort	0.00074926	0.149852
201	20	however	0.00074926	0.150601
202	20	cried	0.00074926	0.151351
203	20	anything	0.00074926	0.1521
204	19	tried	0.000711797	0.145207
205	19	tea	0.000711797	0.145918
206	19	please	0.000711797	0.14663
207	19	old	0.000711797	0.147342
208	19	feet	0.000711797	0.148054
209	19	even	0.000711797	0.148766
210	19	curious	0.000711797	0.149477
211	19	being	0.000711797	0.150189
212	18	wonder	0.000674334	0.142959
213	18	use	0.000674334	0.143633
214	18	table	0.000674334	0.144307
215	18	soup	0.000674334	0.144982
216	18	something	0.000674334	0.145656
217	18	house	0.000674334	0.14633
218	18	enough	0.000674334	0.147005
219	18	end	0.000674334	0.147679
220	18	eat	0.000674334	0.148354
221	18	court	0.000674334	0.149028
222	17	talking	0.000636871	0.141385
223	17	spoke	0.000636871	0.142022
224	17	side	0.000636871	0.142659
225	17	sat	0.000636871	0.143296
226	17	question	0.000636871	0.143933
227	17	perhaps	0.000636871	0.14457
228	17	let	0.000636871	0.145207
229	17	asked	0.000636871	0.145843
230	16	under	0.000599408	0.137864
231	16	turned	0.000599408	0.138463
232	16	ran	0.000599408	0.139063
233	16	indeed	0.000599408	0.139662
234	16	high	0.000599408	0.140261
235	16	hastily	0.000599408	0.140861
236	16	garden	0.000599408	0.14146
237	16	doesn't	0.000599408	0.14206
238	16	bit	0.000599408	0.142659
239	15	speak	0.000561945	0.134305
240	15	seen	0.000561945	0.134867
241	15	saying	0.000561945	0.135429
242	15	near	0.000561945	0.135991
243	15	mad	0.000561945	0.136553
244	15	low	0.000561945	0.137115
245	15	idea	0.000561945	0.137677
246	15	gave	0.000561945	0.138238
247	15	face	0.000561945	0.1388
248	15	done	0.000561945	0.139362
249	15	called	0.000561945	0.139924
250	15	because	0.000561945	0.140486
251	15	arm	0.000561945	0.141048
252	15	am	0.000561945	0.14161
253	15	air	0.000561945	0.142172
254	14	us	0.000524482	0.133218
255	14	trying	0.000524482	0.133743
256	14	through	0.000524482	0.134267
257	14	these	0.000524482	0.134792
258	14	talk	0.000524482	0.135316
259	14	suppose	0.000524482	0.135841
260	14	silence	0.000524482	0.136365
261	14	set	0.000524482	0.13689
262	14	sea	0.000524482	0.137414
263	14	saw	0.000524482	0.137939
264	14	remember	0.000524482	0.138463
265	14	ought	0.000524482	0.138988
266	14	left	0.000524482	0.139512
267	14	knew	0.000524482	0.140037
268	14	itself	0.000524482	0.140561
269	14	hear	0.000524482	0.141086
270	14	didn't	0.000524482	0.14161
271	14	change	0.000524482	0.142135
272	14	certainly	0.000524482	0.142659
273	14	both	0.000524482	0.143184
274	14	better	0.000524482	0.143708
275	14	beginning	0.000524482	0.144233
276	14	baby	0.000524482	0.144757
277	14	anxiously	0.000524482	0.145282
278	13	yes	0.000487019	0.135391
279	13	wouldn't	0.000487019	0.135878
280	13	whole	0.000487019	0.136365
281	13	where	0.000487019	0.136852
282	13	used	0.000487019	0.137339
283	13	they're	0.000487019	0.137826
284	13	suddenly	0.000487019	0.138313
285	13	still	0.000487019	0.1388
286	13	size	0.000487019	0.139287
287	13	room	0.000487019	0.139774
288	13	really	0.000487019	0.140261
289	13	people	0.000487019	0.140749
290	13	may	0.000487019	0.141236
291	13	kept	0.000487019	0.141723
292	13	grow	0.000487019	0.14221
293	13	gone	0.000487019	0.142697
294	13	footman	0.000487019	0.143184
295	13	far	0.000487019	0.143671
296	13	dodo	0.000487019	0.144158
297	13	dance	0.000487019	0.144645
298	13	cook	0.000487019	0.145132
299	13	close	0.000487019	0.145619
300	13	cats	0.000487019	0.146106
301	13	bill	0.000487019	0.146593
302	13	behind	0.000487019	0.14708
303	13	begin	0.000487019	0.147567
304	13	beautiful	0.000487019	0.148054
305	13	always	0.000487019	0.148541
306	12	turning	0.000449556	0.137564
307	12	try	0.000449556	0.138014
308	12	queer	0.000449556	0.138463
309	12	pigeon	0.000449556	0.138913
310	12	many	0.000449556	0.139362
311	12	majesty	0.000449556	0.139812
312	12	life	0.000449556	0.140261
313	12	hardly	0.000449556	0.140711
314	12	hands	0.000449556	0.141161
315	12	give	0.000449556	0.14161
316	12	game	0.000449556	0.14206
317	12	finished	0.000449556	0.142509
318	12	everything	0.000449556	0.142959
319	12	every	0.000449556	0.143408
320	12	deal	0.000449556	0.143858
321	12	chapter	0.000449556	0.144307
322	12	best	0.000449556	0.144757
323	12	among	0.000449556	0.145207
324	12	alice's	0.000449556	0.145656
325	12	afraid	0.000449556	0.146106
326	11	whether	0.000412093	0.134342
327	11	wasn't	0.000412093	0.134754
328	11	waited	0.000412093	0.135167
329	11	turn	0.000412093	0.135579
330	11	though	0.000412093	0.135991
331	11	thinking	0.000412093	0.136403
332	11	tears	0.000412093	0.136815
333	11	read	0.000412093	0.137227
334	11	pool	0.000412093	0.137639
335	11	pig	0.000412093	0.138051
336	11	nearly	0.000412093	0.138463
337	11	minutes	0.000412093	0.138875
338	11	mind	0.000412093	0.139287
339	11	makes	0.000412093	0.1397
340	11	keep	0.000412093	0.140112
341	11	i'd	0.000412093	0.140524
342	11	hurry	0.000412093	0.140936
343	11	hurried	0.000412093	0.141348
344	11	growing	0.000412093	0.14176
345	11	gloves	0.000412093	0.142172
346	11	glad	0.000412093	0.142584
347	11	else	0.000412093	0.142996
348	11	dinah	0.000412093	0.143408
349	11	child	0.000412093	0.14382
350	11	book	0.000412093	0.144233
351	11	ask	0.000412093	0.144645
352	10	yourself	0.00037463	0.13187
353	10	you'd	0.00037463	0.132244
354	10	word	0.00037463	0.132619
355	10	witness	0.00037463	0.132994
356	10	walked	0.00037463	0.133368
357	10	those	0.00037463	0.133743
358	10	soldiers	0.00037463	0.134118
359	10	small	0.00037463	0.134492
360	10	sitting	0.00037463	0.134867
361	10	sight	0.00037463	0.135241
362	10	rest	0.00037463	0.135616
363	10	repeated	0.00037463	0.135991
364	10	remarked	0.00037463	0.136365
365	10	remark	0.00037463	0.13674
366	10	party	0.00037463	0.137115
367	10	own	0.00037463	0.137489
368	10	opened	0.00037463	0.137864
369	10	offended	0.00037463	0.138238
370	10	name	0.00037463	0.138613
371	10	mouth	0.00037463	0.138988
372	10	mine	0.00037463	0.139362
373	10	mean	0.00037463	0.139737
374	10	lessons	0.00037463	0.140112
375	10	hold	0.00037463	0.140486
376	10	heads	0.00037463	0.140861
377	10	having	0.00037463	0.141236
378	10	glass	0.00037463	0.14161
379	10	foot	0.00037463	0.141985
380	10	fan	0.00037463	0.142359
381	10	explain	0.00037463	0.142734
382	10	either	0.00037463	0.143109
383	10	creatures	0.00037463	0.143483
384	10	conversation	0.00037463	0.143858
385	10	children	0.00037463	0.144233
386	10	box	0.00037463	0.144607
387	10	bottle	0.00037463	0.144982
388	10	birds	0.00037463	0.145356
389	9	want	0.000337167	0.131158
390	9	waiting	0.000337167	0.131495
391	9	together	0.000337167	0.131832
392	9	timidly	0.000337167	0.132169
393	9	tail	0.000337167	0.132507
394	9	shouted	0.000337167	0.132844
395	9	shook	0.000337167	0.133181
396	9	serpent	0.000337167	0.133518
397	9	reason	0.000337167	0.133855
398	9	rate	0.000337167	0.134192
399	9	puzzled	0.000337167	0.13453
400	9	matter	0.000337167	0.134867
401	9	leave	0.000337167	0.135204
402	9	least	0.000337167	0.135541
403	9	knave	0.000337167	0.135878
404	9	key	0.000337167	0.136215
405	9	join	0.000337167	0.136553
406	9	interrupted	0.000337167	0.13689
407	9	help	0.000337167	0.137227
408	9	hall	0.000337167	0.137564
409	9	few	0.000337167	0.137901
410	9	does	0.000337167	0.138238
411	9	different	0.000337167	0.138576
412	9	croquet	0.000337167	0.138913
413	9	couldn't	0.000337167	0.13925
414	9	continued	0.000337167	0.139587
415	9	coming	0.000337167	0.139924
416	9	call	0.000337167	0.140261
417	9	butter	0.000337167	0.140599
418	9	believe	0.000337167	0.140936
419	9	answer	0.000337167	0.141273
420	9	angrily	0.000337167	0.14161
421	9	against	0.000337167	0.141947
422	8	work	0.000299704	0.126475
423	8	wood	0.000299704	0.126775
424	8	window	0.000299704	0.127075
425	8	whiting	0.000299704	0.127374
426	8	watch	0.000299704	0.127674
427	8	twinkle	0.000299704	0.127974
428	8	tree	0.000299704	0.128273
429	8	top	0.000299704	0.128573
430	8	story	0.000299704	0.128873
431	8	slowly	0.000299704	0.129172
432	8	sit	0.000299704	0.129472
433	8	sister	0.000299704	0.129772
434	8	seem	0.000299704	0.130072
435	8	running	0.000299704	0.130371
436	8	ready	0.000299704	0.130671
437	8	play	0.000299704	0.130971
438	8	place	0.000299704	0.13127
439	8	pepper	0.000299704	0.13157
440	8	our	0.000299704	0.13187
441	8	opportunity	0.000299704	0.132169
442	8	noticed	0.000299704	0.132469
443	8	nose	0.000299704	0.132769
444	8	nobody	0.000299704	0.133069
445	8	mushroom	0.000299704	0.133368
446	8	most	0.000299704	0.133668
447	8	moral	0.000299704	0.133968
448	8	meaning	0.000299704	0.134267
449	8	making	0.000299704	0.134567
450	8	lying	0.000299704	0.134867
451	8	live	0.000299704	0.135167
452	8	it'll	0.000299704	0.135466
453	8	hearts	0.000299704	0.135766
454	8	haven't	0.000299704	0.136066
455	8	hard	0.000299704	0.136365
456	8	happen	0.000299704	0.136665
457	8	hadn't	0.000299704	0.136965
458	8	ground	0.000299704	0.137264
459	8	gardeners	0.000299704	0.137564
460	8	four	0.000299704	0.137864
461	8	followed	0.000299704	0.138164
462	8	five	0.000299704	0.138463
463	8	fish	0.000299704	0.138763
464	8	feel	0.000299704	0.139063
465	8	fact	0.000299704	0.139362
466	8	exactly	0.000299704	0.139662
467	8	everybody	0.000299704	0.139962
468	8	eagerly	0.000299704	0.140261
469	8	each	0.000299704	0.140561
470	8	dry	0.000299704	0.140861
471	8	distance	0.000299704	0.141161
472	8	changed	0.000299704	0.14146
473	8	bright	0.000299704	0.14176
474	8	beg	0.000299704	0.14206
475	8	asleep	0.000299704	0.142359
476	8	appeared	0.000299704	0.142659
477	7	you've	0.000262241	0.125089
478	7	world	0.000262241	0.125351
479	7	wondering	0.000262241	0.125613
480	7	william	0.000262241	0.125876
481	7	trial	0.000262241	0.126138
482	7	trees	0.000262241	0.1264
483	7	treacle	0.000262241	0.126662
484	7	tired	0.000262241	0.126925
485	7	tarts	0.000262241	0.127187
486	7	surprised	0.000262241	0.127449
487	7	stood	0.000262241	0.127711
488	7	soo	0.000262241	0.127974
489	7	song	0.000262241	0.128236
490	7	somebody	0.000262241	0.128498
491	7	slates	0.000262241	0.12876
492	7	sir	0.000262241	0.129023
493	7	silent	0.000262241	0.129285
494	7	shoes	0.000262241	0.129547
495	7	she's	0.000262241	0.129809
496	7	repeat	0.000262241	0.130072
497	7	queen's	0.000262241	0.130334
498	7	pocket	0.000262241	0.130596
499	7	pleased	0.000262241	0.130858
500	7	others	0.000262241	0.131121
501	7	open	0.000262241	0.131383
502	7	oop	0.000262241	0.131645
503	7	nonsense	0.000262241	0.131907
504	7	neck	0.000262241	0.132169
505	7	myself	0.000262241	0.132432
506	7	middle	0.000262241	0.132694
507	7	manage	0.000262241	0.132956
508	7	lory	0.000262241	0.133218
509	7	lobsters	0.000262241	0.133481
510	7	lobster	0.000262241	0.133743
511	7	listen	0.000262241	0.134005
512	7	learn	0.000262241	0.134267
513	7	larger	0.000262241	0.13453
514	7	kind	0.000262241	0.134792
515	7	isn't	0.000262241	0.135054
516	7	important	0.000262241	0.135316
517	7	hot	0.000262241	0.135579
518	7	history	0.000262241	0.135841
519	7	hedgehog	0.000262241	0.136103
520	7	has	0.000262241	0.136365
521	7	happened	0.000262241	0.136628
522	7	hair	0.000262241	0.13689
523	7	grown	0.000262241	0.137152
524	7	golden	0.000262241	0.137414
525	7	goes	0.000262241	0.137677
526	7	generally	0.000262241	0.137939
527	7	frightened	0.000262241	0.138201
528	7	fetch	0.000262241	0.138463
529	7	feeling	0.000262241	0.138726
530	7	fancy	0.000262241	0.138988
531	7	fall	0.000262241	0.13925
532	7	eye	0.000262241	0.139512
533	7	evidence	0.000262241	0.139774
534	7	drink	0.000262241	0.140037
535	7	dream	0.000262241	0.140299
536	7	draw	0.000262241	0.140561
537	7	deep	0.000262241	0.140823
538	7	chin	0.000262241	0.141086
539	7	cheshire	0.000262241	0.141348
540	7	business	0.000262241	0.14161
541	7	bread	0.000262241	0.141872
542	7	begun	0.000262241	0.142135
543	7	adventures	0.000262241	0.142397
544	6	youth	0.000224778	0.122279
545	6	you'll	0.000224778	0.122504
546	6	written	0.000224778	0.122729
547	6	writing	0.000224778	0.122954
548	6	write	0.000224778	0.123178
549	6	wow	0.000224778	0.123403
550	6	understand	0.000224778	0.123628
551	6	trouble	0.000224778	0.123853
552	6	trembling	0.000224778	0.124077
553	6	told	0.000224778	0.124302
554	6	times	0.000224778	0.124527
555	6	ten	0.000224778	0.124752
556	6	subject	0.000224778	0.124977
557	6	stupid	0.000224778	0.125201
558	6	stop	0.000224778	0.125426
559	6	stand	0.000224778	0.125651
560	6	sneezing	0.000224778	0.125876
561	6	sleep	0.000224778	0.1261
562	6	sing	0.000224778	0.126325
563	6	sharp	0.000224778	0.12655
564	6	shan't	0.000224778	0.126775
565	6	seven	0.000224778	0.127
566	6	sentence	0.000224778	0.127224
567	6	school	0.000224778	0.127449
568	6	roof	0.000224778	0.127674
569	6	race	0.000224778	0.127899
570	6	puppy	0.000224778	0.128123
571	6	politely	0.000224778	0.128348
572	6	pigs	0.000224778	0.128573
573	6	piece	0.000224778	0.128798
574	6	pardon	0.000224778	0.129023
575	6	nice	0.000224778	0.129247
576	6	melancholy	0.000224778	0.129472
577	6	marked	0.000224778	0.129697
578	6	loud	0.000224778	0.129922
579	6	liked	0.000224778	0.130146
580	6	leaves	0.000224778	0.130371
581	6	late	0.000224778	0.130596
582	6	jumped	0.000224778	0.130821
583	6	inches	0.000224778	0.131046
584	6	himself	0.000224778	0.13127
585	6	guinea	0.000224778	0.131495
586	6	grin	0.000224778	0.13172
587	6	full	0.000224778	0.131945
588	6	forgotten	0.000224778	0.132169
589	6	fell	0.000224778	0.132394
590	6	father	0.000224778	0.132619
591	6	executed	0.000224778	0.132844
592	6	exclaimed	0.000224778	0.133069
593	6	english	0.000224778	0.133293
594	6	ear	0.000224778	0.133518
595	6	e	0.000224778	0.133743
596	6	dreadfully	0.000224778	0.133968
597	6	chorus	0.000224778	0.134192
598	6	chimney	0.000224778	0.134417
599	6	broken	0.000224778	0.134642
600	6	between	0.000224778	0.134867
601	6	arms	0.000224778	0.135092
602	6	along	0.000224778	0.135316
603	6	almost	0.000224778	0.135541
604	5	young	0.000187315	0.113138
605	5	wrong	0.000187315	0.113326
606	5	whispered	0.000187315	0.113513
607	5	what's	0.000187315	0.1137
608	5	waving	0.000187315	0.113888
609	5	water	0.000187315	0.114075
610	5	walking	0.000187315	0.114262
611	5	walk	0.000187315	0.114449
612	5	usual	0.000187315	0.114637
613	5	until	0.000187315	0.114824
614	5	unimportant	0.000187315	0.115011
615	5	twice	0.000187315	0.115199
616	5	tis	0.000187315	0.115386
617	5	temper	0.000187315	0.115573
618	5	taking	0.000187315	0.115761
619	5	swim	0.000187315	0.115948
620	5	swam	0.000187315	0.116135
621	5	surprise	0.000187315	0.116323
622	5	sudden	0.000187315	0.11651
623	5	strange	0.000187315	0.116697
624	5	stay	0.000187315	0.116885
625	5	speaking	0.000187315	0.117072
626	5	sounded	0.000187315	0.117259
627	5	sometimes	0.000187315	0.117447
628	5	sleepy	0.000187315	0.117634
629	5	sky	0.000187315	0.117821
630	5	simple	0.000187315	0.118008
631	5	sighed	0.000187315	0.118196
632	5	shut	0.000187315	0.118383
633	5	shrill	0.000187315	0.11857
634	5	shriek	0.000187315	0.118758
635	5	shouldn't	0.000187315	0.118945
636	5	seems	0.000187315	0.119132
637	5	sadly	0.000187315	0.11932
638	5	rule	0.000187315	0.119507
639	5	reply	0.000187315	0.119694
640	5	remembered	0.000187315	0.119882
641	5	quietly	0.000187315	0.120069
642	5	procession	0.000187315	0.120256
643	5	prizes	0.000187315	0.120444
644	5	passed	0.000187315	0.120631
645	5	pair	0.000187315	0.120818
646	5	pack	0.000187315	0.121006
647	5	often	0.000187315	0.121193
648	5	number	0.000187315	0.12138
649	5	notice	0.000187315	0.121567
650	5	nine	0.000187315	0.121755
651	5	night	0.000187315	0.121942
652	5	new	0.000187315	0.122129
653	5	nervous	0.000187315	0.122317
654	5	nearer	0.000187315	0.122504
655	5	moved	0.000187315	0.122691
656	5	morning	0.000187315	0.122879
657	5	meant	0.000187315	0.123066
658	5	means	0.000187315	0.123253
659	5	man	0.000187315	0.123441
660	5	lizard	0.000187315	0.123628
661	5	likely	0.000187315	0.123815
662	5	let's	0.000187315	0.124003
663	5	knee	0.000187315	0.12419
664	5	kid	0.000187315	0.124377
665	5	interesting	0.000187315	0.124564
666	5	instantly	0.000187315	0.124752
667	5	impatiently	0.000187315	0.124939
668	5	hookah	0.000187315	0.125126
669	5	home	0.000187315	0.125314
670	5	hole	0.000187315	0.125501
671	5	height	0.000187315	0.125688
672	5	happens	0.000187315	0.125876
673	5	flamingo	0.000187315	0.126063
674	5	finish	0.000187315	0.12625
675	5	finger	0.000187315	0.126438
676	5	faces	0.000187315	0.126625
677	5	executioner	0.000187315	0.126812
678	5	evening	0.000187315	0.127
679	5	eggs	0.000187315	0.127187
680	5	ears	0.000187315	0.127374
681	5	dropped	0.000187315	0.127562
682	5	drew	0.000187315	0.127749
683	5	doing	0.000187315	0.127936
684	5	direction	0.000187315	0.128123
685	5	dare	0.000187315	0.128311
686	5	cut	0.000187315	0.128498
687	5	curiosity	0.000187315	0.128685
688	5	crowded	0.000187315	0.128873
689	5	confusion	0.000187315	0.12906
690	5	case	0.000187315	0.129247
691	5	become	0.000187315	0.129435
692	5	asking	0.000187315	0.129622
693	5	angry	0.000187315	0.129809
694	5	altogether	0.000187315	0.129997
695	5	aloud	0.000187315	0.130184
696	5	ah	0.000187315	0.130371
697	5	across	0.000187315	0.130559
698	4	yer	0.000149852	0.104597
699	4	worth	0.000149852	0.104747
700	4	wanted	0.000149852	0.104896
701	4	violently	0.000149852	0.105046
702	4	verses	0.000149852	0.105196
703	4	verse	0.000149852	0.105346
704	4	verdict	0.000149852	0.105496
705	4	ventured	0.000149852	0.105646
706	4	vanished	0.000149852	0.105796
707	4	uncomfortable	0.000149852	0.105945
708	4	twinkling	0.000149852	0.106095
709	4	twelve	0.000149852	0.106245
710	4	true	0.000149852	0.106395
711	4	tongue	0.000149852	0.106545
712	4	tiny	0.000149852	0.106695
713	4	thoughtfully	0.000149852	0.106844
714	4	thimble	0.000149852	0.106994
715	4	they'll	0.000149852	0.107144
716	4	they'd	0.000149852	0.107294
717	4	thank	0.000149852	0.107444
718	4	taught	0.000149852	0.107594
719	4	tale	0.000149852	0.107744
720	4	taken	0.000149852	0.107893
721	4	suppressed	0.000149852	0.108043
722	4	stuff	0.000149852	0.108193
723	4	stick	0.000149852	0.108343
724	4	sounds	0.000149852	0.108493
725	4	sound	0.000149852	0.108643
726	4	solemnly	0.000149852	0.108793
727	4	sobs	0.000149852	0.108942
728	4	slate	0.000149852	0.109092
729	4	since	0.000149852	0.109242
730	4	sigh	0.000149852	0.109392
731	4	sides	0.000149852	0.109542
732	4	shrinking	0.000149852	0.109692
733	4	shoulders	0.000149852	0.109842
734	4	shoulder	0.000149852	0.109991
735	4	short	0.000149852	0.110141
736	4	shore	0.000149852	0.110291
737	4	sharply	0.000149852	0.110441
738	4	severely	0.000149852	0.110591
739	4	several	0.000149852	0.110741
740	4	second	0.000149852	0.11089
741	4	screamed	0.000149852	0.11104
742	4	says	0.000149852	0.11119
743	4	savage	0.000149852	0.11134
744	4	run	0.000149852	0.11149
745	4	rose	0.000149852	0.11164
746	4	reach	0.000149852	0.11179
747	4	rabbit's	0.000149852	0.111939
748	4	questions	0.000149852	0.112089
749	4	quadrille	0.000149852	0.112239
750	4	puzzling	0.000149852	0.112389
751	4	porpoise	0.000149852	0.112539
752	4	pointing	0.000149852	0.112689
753	4	players	0.000149852	0.112839
754	4	plan	0.000149852	0.112988
755	4	pictures	0.000149852	0.113138
756	4	person	0.000149852	0.113288
757	4	perfectly	0.000149852	0.113438
758	4	paws	0.000149852	0.113588
759	4	passage	0.000149852	0.113738
760	4	particular	0.000149852	0.113888
761	4	paper	0.000149852	0.114037
762	4	pale	0.000149852	0.114187
763	4	outside	0.000149852	0.114337
764	4	otherwise	0.000149852	0.114487
765	4	ordered	0.000149852	0.114637
766	4	ootiful	0.000149852	0.114787
767	4	officers	0.000149852	0.114937
768	4	none	0.000149852	0.115086
769	4	natural	0.000149852	0.115236
770	4	mouths	0.000149852	0.115386
771	4	miss	0.000149852	0.115536
772	4	mice	0.000149852	0.115686
773	4	master	0.000149852	0.115836
774	4	mary	0.000149852	0.115985
775	4	managed	0.000149852	0.116135
776	4	mabel	0.000149852	0.116285
777	4	m	0.000149852	0.116435
778	4	lives	0.000149852	0.116585
779	4	less	0.000149852	0.116735
780	4	led	0.000149852	0.116885
781	4	lay	0.000149852	0.117034
782	4	kitchen	0.000149852	0.117184
783	4	jurymen	0.000149852	0.117334
784	4	jurors	0.000149852	0.117484
785	4	jumping	0.000149852	0.117634
786	4	judge	0.000149852	0.117784
787	4	indignantly	0.000149852	0.117934
788	4	hours	0.000149852	0.118083
789	4	honour	0.000149852	0.118233
790	4	hers	0.000149852	0.118383
791	4	held	0.000149852	0.118533
792	4	hearing	0.000149852	0.118683
793	4	grunted	0.000149852	0.118833
794	4	green	0.000149852	0.118983
795	4	grass	0.000149852	0.119132
796	4	girl	0.000149852	0.119282
797	4	frowning	0.000149852	0.119432
798	4	french	0.000149852	0.119582
799	4	fond	0.000149852	0.119732
800	4	fire	0.000149852	0.119882
801	4	fellow	0.000149852	0.120031
802	4	fear	0.000149852	0.120181
803	4	fast	0.000149852	0.120331
804	4	fallen	0.000149852	0.120481
805	4	except	0.000149852	0.120631
806	4	escape	0.000149852	0.120781
807	4	earth	0.000149852	0.120931
808	4	duck	0.000149852	0.12108
809	4	doubt	0.000149852	0.12123
810	4	dish	0.000149852	0.12138
811	4	digging	0.000149852	0.12153
812	4	difficulty	0.000149852	0.12168
813	4	deeply	0.000149852	0.12183
814	4	decidedly	0.000149852	0.12198
815	4	dead	0.000149852	0.122129
816	4	days	0.000149852	0.122279
817	4	crumbs	0.000149852	0.122429
818	4	crowd	0.000149852	0.122579
819	4	creature	0.000149852	0.122729
820	4	corner	0.000149852	0.122879
821	4	consider	0.000149852	0.123029
822	4	confused	0.000149852	0.123178
823	4	chance	0.000149852	0.123328
824	4	catch	0.000149852	0.123478
825	4	carried	0.000149852	0.123628
826	4	care	0.000149852	0.123778
827	4	capital	0.000149852	0.123928
828	4	busily	0.000149852	0.124077
829	4	breath	0.000149852	0.124227
830	4	bowed	0.000149852	0.124377
831	4	bottom	0.000149852	0.124527
832	4	boots	0.000149852	0.124677
833	4	bill's	0.000149852	0.124827
834	4	besides	0.000149852	0.124977
835	4	begins	0.000149852	0.125126
836	4	beau	0.000149852	0.125276
837	4	beat	0.000149852	0.125426
838	4	bats	0.000149852	0.125576
839	4	argument	0.000149852	0.125726
840	4	arches	0.000149852	0.125876
841	4	answered	0.000149852	0.126026
842	4	ann	0.000149852	0.126175
843	4	animals	0.000149852	0.126325
844	4	alone	0.000149852	0.126475
845	4	alas	0.000149852	0.126625
846	4	age	0.000149852	0.126775
847	3	yours	0.000112389	0.0951935
848	3	yesterday	0.000112389	0.0953059
849	3	wrote	0.000112389	0.0954183
850	3	worse	0.000112389	0.0955307
851	3	wonderland	0.000112389	0.0956431
852	3	whisper	0.000112389	0.0957554
853	3	whiskers	0.000112389	0.0958678
854	3	whatever	0.000112389	0.0959802
855	3	week	0.000112389	0.0960926
856	3	watching	0.000112389	0.096205
857	3	washing	0.000112389	0.0963174
858	3	voices	0.000112389	0.0964298
859	3	venture	0.000112389	0.0965422
860	3	upset	0.000112389	0.0966546
861	3	unfortunate	0.000112389	0.0967669
862	3	twenty	0.000112389	0.0968793
863	3	turns	0.000112389	0.0969917
864	3	tucked	0.000112389	0.0971041
865	3	trumpet	0.000112389	0.0972165
866	3	trial's	0.000112389	0.0973289
867	3	tossing	0.000112389	0.0974413
868	3	tortoise	0.000112389	0.0975537
869	3	toes	0.000112389	0.0976661
870	3	timid	0.000112389	0.0977784
871	3	throw	0.000112389	0.0978908
872	3	themselves	0.000112389	0.0980032
873	3	telescope	0.000112389	0.0981156
874	3	teacup	0.000112389	0.098228
875	3	tasted	0.000112389	0.0983404
876	3	tails	0.000112389	0.0984528
877	3	sulky	0.000112389	0.0985652
878	3	suit	0.000112389	0.0986776
879	3	succeeded	0.000112389	0.0987899
880	3	stopped	0.000112389	0.0989023
881	3	staring	0.000112389	0.0990147
882	3	stairs	0.000112389	0.0991271
883	3	spread	0.000112389	0.0992395
884	3	speech	0.000112389	0.0993519
885	3	spectacles	0.000112389	0.0994643
886	3	sorts	0.000112389	0.0995767
887	3	somewhere	0.000112389	0.0996891
888	3	solemn	0.000112389	0.0998014
889	3	sobbing	0.000112389	0.0999138
890	3	snail	0.000112389	0.100026
891	3	smaller	0.000112389	0.100139
892	3	slipped	0.000112389	0.100251
893	3	simply	0.000112389	0.100363
894	3	sighing	0.000112389	0.100476
895	3	show	0.000112389	0.100588
896	3	she'll	0.000112389	0.100701
897	3	shaped	0.000112389	0.100813
898	3	shaking	0.000112389	0.100925
899	3	settled	0.000112389	0.101038
900	3	serpents	0.000112389	0.10115
901	3	sense	0.000112389	0.101263
902	3	sad	0.000112389	0.101375
903	3	rules	0.000112389	0.101487
904	3	roses	0.000112389	0.1016
905	3	repeating	0.000112389	0.101712
906	3	remarks	0.000112389	0.101824
907	3	remarking	0.000112389	0.101937
908	3	remained	0.000112389	0.102049
909	3	red	0.000112389	0.102162
910	3	real	0.000112389	0.102274
911	3	reading	0.000112389	0.102386
912	3	putting	0.000112389	0.102499
913	3	proper	0.000112389	0.102611
914	3	pressed	0.000112389	0.102724
915	3	present	0.000112389	0.102836
916	3	pray	0.000112389	0.102948
917	3	possibly	0.000112389	0.103061
918	3	poison	0.000112389	0.103173
919	3	pleaded	0.000112389	0.103286
920	3	plate	0.000112389	0.103398
921	3	pity	0.000112389	0.10351
922	3	pieces	0.000112389	0.103623
923	3	pie	0.000112389	0.103735
924	3	picked	0.000112389	0.103847
925	3	peeped	0.000112389	0.10396
926	3	paw	0.000112389	0.104072
927	3	pattering	0.000112389	0.104185
928	3	pat	0.000112389	0.104297
929	3	past	0.000112389	0.104409
930	3	passion	0.000112389	0.104522
931	3	panther	0.000112389	0.104634
932	3	owl	0.000112389	0.104747
933	3	order	0.000112389	0.104859
934	3	opening	0.000112389	0.104971
935	3	o'clock	0.000112389	0.105084
936	3	obliged	0.000112389	0.105196
937	3	o	0.000112389	0.105309
938	3	nursing	0.000112389	0.105421
939	3	nurse	0.000112389	0.105533
940	3	notion	0.000112389	0.105646
941	3	nor	0.000112389	0.105758
942	3	noise	0.000112389	0.10587
943	3	nibbling	0.000112389	0.105983
944	3	needn't	0.000112389	0.106095
945	3	muttering	0.000112389	0.106208
946	3	mustard	0.000112389	0.10632
947	3	music	0.000112389	0.106432
948	3	muchness	0.000112389	0.106545
949	3	moving	0.000112389	0.106657
950	3	move	0.000112389	0.10677
951	3	mistake	0.000112389	0.106882
952	3	miles	0.000112389	0.106994
953	3	met	0.000112389	0.107107
954	3	mentioned	0.000112389	0.107219
955	3	mark	0.000112389	0.107332
956	3	love	0.000112389	0.107444
957	3	loudly	0.000112389	0.107556
958	3	lost	0.000112389	0.107669
959	3	longer	0.000112389	0.107781
960	3	livery	0.000112389	0.107893
961	3	lived	0.000112389	0.108006
962	3	listening	0.000112389	0.108118
963	3	list	0.000112389	0.108231
964	3	letter	0.000112389	0.108343
965	3	lesson	0.000112389	0.108455
966	3	legs	0.000112389	0.108568
967	3	later	0.000112389	0.10868
968	3	lady	0.000112389	0.108793
969	3	knowledge	0.000112389	0.108905
970	3	knocking	0.000112389	0.109017
971	3	knife	0.000112389	0.10913
972	3	kick	0.000112389	0.109242
973	3	joined	0.000112389	0.109355
974	3	instead	0.000112389	0.109467
975	3	instance	0.000112389	0.109579
976	3	impossible	0.000112389	0.109692
977	3	immediately	0.000112389	0.109804
978	3	hush	0.000112389	0.109916
979	3	hurt	0.000112389	0.110029
980	3	hunting	0.000112389	0.110141
981	3	hungry	0.000112389	0.110254
982	3	howling	0.000112389	0.110366
983	3	hoping	0.000112389	0.110478
984	3	hope	0.000112389	0.110591
985	3	holding	0.000112389	0.110703
986	3	hoarse	0.000112389	0.110816
987	3	he's	0.000112389	0.110928
988	3	hedgehogs	0.000112389	0.11104
989	3	hanging	0.000112389	0.111153
990	3	handed	0.000112389	0.111265
991	3	guests	0.000112389	0.111378
992	3	guessed	0.000112389	0.11149
993	3	guess	0.000112389	0.111602
994	3	growl	0.000112389	0.111715
995	3	grinned	0.000112389	0.111827
996	3	gravely	0.000112389	0.111939
997	3	grave	0.000112389	0.112052
998	3	grand	0.000112389	0.112164
999	3	girls	0.000112389	0.112277
1000	3	gently	0.000112389	0.112389
1001	3	general	0.000112389	0.112501
1002	3	fury	0.000112389	0.112614
1003	3	further	0.000112389	0.112726
1004	3	fur	0.000112389	0.112839
1005	3	funny	0.000112389	0.112951
1006	3	fun	0.000112389	0.113063
1007	3	frog	0.000112389	0.113176
1008	3	friend	0.000112389	0.113288
1009	3	free	0.000112389	0.113401
1010	3	forgetting	0.000112389	0.113513
1011	3	follows	0.000112389	0.113625
1012	3	folded	0.000112389	0.113738
1013	3	fly	0.000112389	0.11385
1014	3	floor	0.000112389	0.113962
1015	3	fit	0.000112389	0.114075
1016	3	finding	0.000112389	0.114187
1017	3	filled	0.000112389	0.1143
1018	3	figure	0.000112389	0.114412
1019	3	faster	0.000112389	0.114524
1020	3	expecting	0.000112389	0.114637
1021	3	execution	0.000112389	0.114749
1022	3	em	0.000112389	0.114862
1023	3	elbow	0.000112389	0.114974
1024	3	effect	0.000112389	0.115086
1025	3	edge	0.000112389	0.115199
1026	3	easily	0.000112389	0.115311
1027	3	eaglet	0.000112389	0.115424
1028	3	eager	0.000112389	0.115536
1029	3	dull	0.000112389	0.115648
1030	3	duchess's	0.000112389	0.115761
1031	3	drawling	0.000112389	0.115873
1032	3	doth	0.000112389	0.115985
1033	3	dogs	0.000112389	0.116098
1034	3	directions	0.000112389	0.11621
1035	3	delight	0.000112389	0.116323
1036	3	decided	0.000112389	0.116435
1037	3	dears	0.000112389	0.116547
1038	3	dark	0.000112389	0.11666
1039	3	cry	0.000112389	0.116772
1040	3	crown	0.000112389	0.116885
1041	3	crossed	0.000112389	0.116997
1042	3	cross	0.000112389	0.117109
1043	3	crash	0.000112389	0.117222
1044	3	crab	0.000112389	0.117334
1045	3	courage	0.000112389	0.117447
1046	3	considering	0.000112389	0.117559
1047	3	considered	0.000112389	0.117671
1048	3	confusing	0.000112389	0.117784
1049	3	civil	0.000112389	0.117896
1050	3	choked	0.000112389	0.118008
1051	3	cheered	0.000112389	0.118121
1052	3	checked	0.000112389	0.118233
1053	3	certain	0.000112389	0.118346
1054	3	cautiously	0.000112389	0.118458
1055	3	cause	0.000112389	0.11857
1056	3	caught	0.000112389	0.118683
1057	3	caucus	0.000112389	0.118795
1058	3	carefully	0.000112389	0.118908
1059	3	cards	0.000112389	0.11902
1060	3	candle	0.000112389	0.119132
1061	3	cakes	0.000112389	0.119245
1062	3	cake	0.000112389	0.119357
1063	3	brought	0.000112389	0.11947
1064	3	bringing	0.000112389	0.119582
1065	3	bring	0.000112389	0.119694
1066	3	breathe	0.000112389	0.119807
1067	3	boy	0.000112389	0.119919
1068	3	below	0.000112389	0.120031
1069	3	beheaded	0.000112389	0.120144
1070	3	bat	0.000112389	0.120256
1071	3	bank	0.000112389	0.120369
1072	3	attending	0.000112389	0.120481
1073	3	around	0.000112389	0.120593
1074	3	anxious	0.000112389	0.120706
1075	3	allow	0.000112389	0.120818
1076	3	alive	0.000112389	0.120931
1077	3	advantage	0.000112389	0.121043
1078	3	advance	0.000112389	0.121155
1079	3	above	0.000112389	0.121268
1080	2	year	7.4926e-05	0.0809201
1081	2	yawning	7.4926e-05	0.080995
1082	2	yawned	7.4926e-05	0.0810699
1083	2	wretched	7.4926e-05	0.0811449
1084	2	wonderful	7.4926e-05	0.0812198
1085	2	won	7.4926e-05	0.0812947
1086	2	woman	7.4926e-05	0.0813696
1087	2	within	7.4926e-05	0.0814446
1088	2	wise	7.4926e-05	0.0815195
1089	2	wink	7.4926e-05	0.0815944
1090	2	wine	7.4926e-05	0.0816694
1091	2	wind	7.4926e-05	0.0817443
1092	2	wildly	7.4926e-05	0.0818192
1093	2	wild	7.4926e-05	0.0818941
1094	2	wig	7.4926e-05	0.0819691
1095	2	wide	7.4926e-05	0.082044
1096	2	whose	7.4926e-05	0.0821189
1097	2	who's	7.4926e-05	0.0821938
1098	2	wherever	7.4926e-05	0.0822688
1099	2	where's	7.4926e-05	0.0823437
1100	2	we've	7.4926e-05	0.0824186
1101	2	wet	7.4926e-05	0.0824935
1102	2	we're	7.4926e-05	0.0825685
1103	2	weak	7.4926e-05	0.0826434
1104	2	watched	7.4926e-05	0.0827183
1105	2	wasting	7.4926e-05	0.0827932
1106	2	wash	7.4926e-05	0.0828682
1107	2	wants	7.4926e-05	0.0829431
1108	2	wandering	7.4926e-05	0.083018
1109	2	wandered	7.4926e-05	0.0830929
1110	2	wake	7.4926e-05	0.0831679
1111	2	waistcoat	7.4926e-05	0.0832428
1112	2	violent	7.4926e-05	0.0833177
1113	2	usually	7.4926e-05	0.0833926
1114	2	using	7.4926e-05	0.0834676
1115	2	useful	7.4926e-05	0.0835425
1116	2	unrolled	7.4926e-05	0.0836174
1117	2	unpleasant	7.4926e-05	0.0836924
1118	2	unless	7.4926e-05	0.0837673
1119	2	unhappy	7.4926e-05	0.0838422
1120	2	unfolded	7.4926e-05	0.0839171
1121	2	uneasily	7.4926e-05	0.0839921
1122	2	undertone	7.4926e-05	0.084067
1123	2	ugly	7.4926e-05	0.0841419
1124	2	uglification	7.4926e-05	0.0842168
1125	2	ugh	7.4926e-05	0.0842918
1126	2	twist	7.4926e-05	0.0843667
1127	2	tut	7.4926e-05	0.0844416
1128	2	turtle's	7.4926e-05	0.0845165
1129	2	turtles	7.4926e-05	0.0845915
1130	2	tumbling	7.4926e-05	0.0846664
1131	2	trotting	7.4926e-05	0.0847413
1132	2	triumphantly	7.4926e-05	0.0848162
1133	2	trembled	7.4926e-05	0.0848912
1134	2	treading	7.4926e-05	0.0849661
1135	2	tones	7.4926e-05	0.085041
1136	2	tiptoe	7.4926e-05	0.0851159
1137	2	thump	7.4926e-05	0.0851909
1138	2	throwing	7.4926e-05	0.0852658
1139	2	throat	7.4926e-05	0.0853407
1140	2	threw	7.4926e-05	0.0854157
1141	2	thousand	7.4926e-05	0.0854906
1142	2	thoughts	7.4926e-05	0.0855655
1143	2	thoroughly	7.4926e-05	0.0856404
1144	2	thistle	7.4926e-05	0.0857154
1145	2	tempered	7.4926e-05	0.0857903
1146	2	tells	7.4926e-05	0.0858652
1147	2	telling	7.4926e-05	0.0859401
1148	2	teacups	7.4926e-05	0.0860151
1149	2	taste	7.4926e-05	0.08609
1150	2	taller	7.4926e-05	0.0861649
1151	2	takes	7.4926e-05	0.0862398
1152	2	swimming	7.4926e-05	0.0863148
1153	2	sun	7.4926e-05	0.0863897
1154	2	summer	7.4926e-05	0.0864646
1155	2	sulkily	7.4926e-05	0.0865395
1156	2	sugar	7.4926e-05	0.0866145
1157	2	struck	7.4926e-05	0.0866894
1158	2	stretching	7.4926e-05	0.0867643
1159	2	stretched	7.4926e-05	0.0868392
1160	2	straight	7.4926e-05	0.0869142
1161	2	stoop	7.4926e-05	0.0869891
1162	2	stole	7.4926e-05	0.087064
1163	2	stirring	7.4926e-05	0.087139
1164	2	startled	7.4926e-05	0.0872139
1165	2	started	7.4926e-05	0.0872888
1166	2	stamping	7.4926e-05	0.0873637
1167	2	squeaking	7.4926e-05	0.0874387
1168	2	spoon	7.4926e-05	0.0875136
1169	2	splashing	7.4926e-05	0.0875885
1170	2	sorrowful	7.4926e-05	0.0876634
1171	2	sorrow	7.4926e-05	0.0877384
1172	2	sooner	7.4926e-05	0.0878133
1173	2	somersault	7.4926e-05	0.0878882
1174	2	sneezes	7.4926e-05	0.0879631
1175	2	sneeze	7.4926e-05	0.0880381
1176	2	snatch	7.4926e-05	0.088113
1177	2	smoking	7.4926e-05	0.0881879
1178	2	smiling	7.4926e-05	0.0882628
1179	2	smiled	7.4926e-05	0.0883378
1180	2	smile	7.4926e-05	0.0884127
1181	2	smallest	7.4926e-05	0.0884876
1182	2	six	7.4926e-05	0.0885625
1183	2	sisters	7.4926e-05	0.0886375
1184	2	singing	7.4926e-05	0.0887124
1185	2	singers	7.4926e-05	0.0887873
1186	2	signed	7.4926e-05	0.0888622
1187	2	shutting	7.4926e-05	0.0889372
1188	2	showing	7.4926e-05	0.0890121
1189	2	shower	7.4926e-05	0.089087
1190	2	shouting	7.4926e-05	0.089162
1191	2	shorter	7.4926e-05	0.0892369
1192	2	shelves	7.4926e-05	0.0893118
1193	2	she'd	7.4926e-05	0.0893867
1194	2	sh	7.4926e-05	0.0894617
1195	2	sent	7.4926e-05	0.0895366
1196	2	sensation	7.4926e-05	0.0896115
1197	2	sending	7.4926e-05	0.0896864
1198	2	sell	7.4926e-05	0.0897614
1199	2	secondly	7.4926e-05	0.0898363
1200	2	scroll	7.4926e-05	0.0899112
1201	2	scream	7.4926e-05	0.0899861
1202	2	sang	7.4926e-05	0.0900611
1203	2	salt	7.4926e-05	0.090136
1204	2	safe	7.4926e-05	0.0902109
1205	2	rush	7.4926e-05	0.0902858
1206	2	rude	7.4926e-05	0.0903608
1207	2	rubbing	7.4926e-05	0.0904357
1208	2	royal	7.4926e-05	0.0905106
1209	2	row	7.4926e-05	0.0905855
1210	2	roots	7.4926e-05	0.0906605
1211	2	rome	7.4926e-05	0.0907354
1212	2	ringlets	7.4926e-05	0.0908103
1213	2	ring	7.4926e-05	0.0908853
1214	2	riddles	7.4926e-05	0.0909602
1215	2	returned	7.4926e-05	0.0910351
1216	2	resting	7.4926e-05	0.09111
1217	2	removed	7.4926e-05	0.091185
1218	2	remarkable	7.4926e-05	0.0912599
1219	2	relief	7.4926e-05	0.0913348
1220	2	regular	7.4926e-05	0.0914097
1221	2	recovered	7.4926e-05	0.0914847
1222	2	raving	7.4926e-05	0.0915596
1223	2	rattling	7.4926e-05	0.0916345
1224	2	rapidly	7.4926e-05	0.0917094
1225	2	raised	7.4926e-05	0.0917844
1226	2	railway	7.4926e-05	0.0918593
1227	2	quiet	7.4926e-05	0.0919342
1228	2	quickly	7.4926e-05	0.0920091
1229	2	quick	7.4926e-05	0.0920841
1230	2	quarrelling	7.4926e-05	0.092159
1231	2	purring	7.4926e-05	0.0922339
1232	2	proves	7.4926e-05	0.0923088
1233	2	proved	7.4926e-05	0.0923838
1234	2	proud	7.4926e-05	0.0924587
1235	2	proceed	7.4926e-05	0.0925336
1236	2	presents	7.4926e-05	0.0926085
1237	2	presently	7.4926e-05	0.0926835
1238	2	position	7.4926e-05	0.0927584
1239	2	plenty	7.4926e-05	0.0928333
1240	2	pleasure	7.4926e-05	0.0929083
1241	2	playing	7.4926e-05	0.0929832
1242	2	plates	7.4926e-05	0.0930581
1243	2	places	7.4926e-05	0.093133
1244	2	pinched	7.4926e-05	0.093208
1245	2	pinch	7.4926e-05	0.0932829
1246	2	picking	7.4926e-05	0.0933578
1247	2	personal	7.4926e-05	0.0934327
1248	2	persisted	7.4926e-05	0.0935077
1249	2	pennyworth	7.4926e-05	0.0935826
1250	2	pencil	7.4926e-05	0.0936575
1251	2	pebbles	7.4926e-05	0.0937324
1252	2	pause	7.4926e-05	0.0938074
1253	2	patiently	7.4926e-05	0.0938823
1254	2	part	7.4926e-05	0.0939572
1255	2	paris	7.4926e-05	0.0940321
1256	2	parchment	7.4926e-05	0.0941071
1257	2	panting	7.4926e-05	0.094182
1258	2	painting	7.4926e-05	0.0942569
1259	2	ornamented	7.4926e-05	0.0943318
1260	2	ordering	7.4926e-05	0.0944068
1261	2	older	7.4926e-05	0.0944817
1262	2	offer	7.4926e-05	0.0945566
1263	2	occurred	7.4926e-05	0.0946316
1264	2	nowhere	7.4926e-05	0.0947065
1265	2	note	7.4926e-05	0.0947814
1266	2	northumbria	7.4926e-05	0.0948563
1267	2	nicely	7.4926e-05	0.0949313
1268	2	nibbled	7.4926e-05	0.0950062
1269	2	neither	7.4926e-05	0.0950811
1270	2	neatly	7.4926e-05	0.095156
1271	2	narrow	7.4926e-05	0.095231
1272	2	names	7.4926e-05	0.0953059
1273	2	mystery	7.4926e-05	0.0953808
1274	2	muttered	7.4926e-05	0.0954557
1275	2	mostly	7.4926e-05	0.0955307
1276	2	morcar	7.4926e-05	0.0956056
1277	2	month	7.4926e-05	0.0956805
1278	2	moment's	7.4926e-05	0.0957554
1279	2	mixed	7.4926e-05	0.0958304
1280	2	missed	7.4926e-05	0.0959053
1281	2	miserable	7.4926e-05	0.0959802
1282	2	milk	7.4926e-05	0.0960551
1283	2	mile	7.4926e-05	0.0961301
1284	2	messages	7.4926e-05	0.096205
1285	2	merely	7.4926e-05	0.0962799
1286	2	mercia	7.4926e-05	0.0963548
1287	2	meet	7.4926e-05	0.0964298
1288	2	meekly	7.4926e-05	0.0965047
1289	2	maybe	7.4926e-05	0.0965796
1290	2	matters	7.4926e-05	0.0966546
1291	2	manner	7.4926e-05	0.0967295
1292	2	ma	7.4926e-05	0.0968044
1293	2	luckily	7.4926e-05	0.0968793
1294	2	lovely	7.4926e-05	0.0969543
1295	2	longitude	7.4926e-05	0.0970292
1296	2	longed	7.4926e-05	0.0971041
1297	2	lonely	7.4926e-05	0.097179
1298	2	locks	7.4926e-05	0.097254
1299	2	living	7.4926e-05	0.0973289
1300	2	line	7.4926e-05	0.0974038
1301	2	lie	7.4926e-05	0.0974787
1302	2	legged	7.4926e-05	0.0975537
1303	2	lefthand	7.4926e-05	0.0976286
1304	2	learnt	7.4926e-05	0.0977035
1305	2	learning	7.4926e-05	0.0977784
1306	2	leaning	7.4926e-05	0.0978534
1307	2	law	7.4926e-05	0.0979283
1308	2	laughing	7.4926e-05	0.0980032
1309	2	laughed	7.4926e-05	0.0980781
1310	2	latitude	7.4926e-05	0.0981531
1311	2	lasted	7.4926e-05	0.098228
1312	2	lap	7.4926e-05	0.0983029
1313	2	laid	7.4926e-05	0.0983779
1314	2	label	7.4926e-05	0.0984528
1315	2	knows	7.4926e-05	0.0985277
1316	2	knowing	7.4926e-05	0.0986026
1317	2	knot	7.4926e-05	0.0986776
1318	2	king's	7.4926e-05	0.0987525
1319	2	kindly	7.4926e-05	0.0988274
1320	2	keeping	7.4926e-05	0.0989023
1321	2	jaws	7.4926e-05	0.0989773
1322	2	jar	7.4926e-05	0.0990522
1323	2	invited	7.4926e-05	0.0991271
1324	2	invitation	7.4926e-05	0.099202
1325	2	introduce	7.4926e-05	0.099277
1326	2	interrupting	7.4926e-05	0.0993519
1327	2	inside	7.4926e-05	0.0994268
1328	2	imagine	7.4926e-05	0.0995017
1329	2	ill	7.4926e-05	0.0995767
1330	2	hurriedly	7.4926e-05	0.0996516
1331	2	humbly	7.4926e-05	0.0997265
1332	2	hour	7.4926e-05	0.0998014
1333	2	hit	7.4926e-05	0.0998764
1334	2	hint	7.4926e-05	0.0999513
1335	2	hedge	7.4926e-05	0.100026
1336	2	heavy	7.4926e-05	0.100101
1337	2	heart	7.4926e-05	0.100176
1338	2	hate	7.4926e-05	0.100251
1339	2	hasn't	7.4926e-05	0.100326
1340	2	goose	7.4926e-05	0.100401
1341	2	goldfish	7.4926e-05	0.100476
1342	2	giving	7.4926e-05	0.100551
1343	2	giddy	7.4926e-05	0.100626
1344	2	front	7.4926e-05	0.100701
1345	2	fright	7.4926e-05	0.100775
1346	2	friends	7.4926e-05	0.10085
1347	2	fountains	7.4926e-05	0.100925
1348	2	forgot	7.4926e-05	0.101
1349	2	forget	7.4926e-05	0.101075
1350	2	forehead	7.4926e-05	0.10115
1351	2	footsteps	7.4926e-05	0.101225
1352	2	follow	7.4926e-05	0.1013
1353	2	flowers	7.4926e-05	0.101375
1354	2	flower	7.4926e-05	0.10145
1355	2	flat	7.4926e-05	0.101525
1356	2	flamingoes	7.4926e-05	0.1016
1357	2	fine	7.4926e-05	0.101675
1358	2	fight	7.4926e-05	0.10175
1359	2	ferrets	7.4926e-05	0.101824
1360	2	feelings	7.4926e-05	0.101899
1361	2	feeble	7.4926e-05	0.101974
1362	2	fashion	7.4926e-05	0.102049
1363	2	fancied	7.4926e-05	0.102124
1364	2	falling	7.4926e-05	0.102199
1365	2	extremely	7.4926e-05	0.102274
1366	2	extraordinary	7.4926e-05	0.102349
1367	2	explanation	7.4926e-05	0.102424
1368	2	experiment	7.4926e-05	0.102499
1369	2	executions	7.4926e-05	0.102574
1370	2	excellent	7.4926e-05	0.102649
1371	2	examine	7.4926e-05	0.102724
1372	2	everything's	7.4926e-05	0.102798
1373	2	entirely	7.4926e-05	0.102873
1374	2	entangled	7.4926e-05	0.102948
1375	2	ending	7.4926e-05	0.103023
1376	2	encouraging	7.4926e-05	0.103098
1377	2	eel	7.4926e-05	0.103173
1378	2	edwin	7.4926e-05	0.103248
1379	2	editions	7.4926e-05	0.103323
1380	2	easy	7.4926e-05	0.103398
1381	2	earnestly	7.4926e-05	0.103473
1382	2	earls	7.4926e-05	0.103548
1383	2	drunk	7.4926e-05	0.103623
1384	2	drive	7.4926e-05	0.103698
1385	2	dreadful	7.4926e-05	0.103773
1386	2	doubtfully	7.4926e-05	0.103847
1387	2	doubtful	7.4926e-05	0.103922
1388	2	doors	7.4926e-05	0.103997
1389	2	dog	7.4926e-05	0.104072
1390	2	distant	7.4926e-05	0.104147
1391	2	dispute	7.4926e-05	0.104222
1392	2	dishes	7.4926e-05	0.104297
1393	2	disappeared	7.4926e-05	0.104372
1394	2	directly	7.4926e-05	0.104447
1395	2	directed	7.4926e-05	0.104522
1396	2	dipped	7.4926e-05	0.104597
1397	2	dinner	7.4926e-05	0.104672
1398	2	dinn	7.4926e-05	0.104747
1399	2	dinah'll	7.4926e-05	0.104821
1400	2	difficult	7.4926e-05	0.104896
1401	2	deny	7.4926e-05	0.104971
1402	2	denied	7.4926e-05	0.105046
1403	2	delightful	7.4926e-05	0.105121
1404	2	delighted	7.4926e-05	0.105196
1405	2	declare	7.4926e-05	0.105271
1406	2	dancing	7.4926e-05	0.105346
1407	2	custody	7.4926e-05	0.105421
1408	2	cushion	7.4926e-05	0.105496
1409	2	curled	7.4926e-05	0.105571
1410	2	curiouser	7.4926e-05	0.105646
1411	2	cupboards	7.4926e-05	0.105721
1412	2	cup	7.4926e-05	0.105796
1413	2	cucumber	7.4926e-05	0.10587
1414	2	crying	7.4926e-05	0.105945
1415	2	crimson	7.4926e-05	0.10602
1416	2	courtiers	7.4926e-05	0.106095
1417	2	cool	7.4926e-05	0.10617
1418	2	contemptuously	7.4926e-05	0.106245
1419	2	constant	7.4926e-05	0.10632
1420	2	conqueror	7.4926e-05	0.106395
1421	2	conclusion	7.4926e-05	0.10647
1422	2	concluded	7.4926e-05	0.106545
1423	2	concert	7.4926e-05	0.10662
1424	2	comfits	7.4926e-05	0.106695
1425	2	comes	7.4926e-05	0.10677
1426	2	collected	7.4926e-05	0.106844
1427	2	coaxing	7.4926e-05	0.106919
1428	2	closed	7.4926e-05	0.106994
1429	2	clock	7.4926e-05	0.107069
1430	2	clever	7.4926e-05	0.107144
1431	2	clear	7.4926e-05	0.107219
1432	2	claws	7.4926e-05	0.107294
1433	2	chose	7.4926e-05	0.107369
1434	2	choice	7.4926e-05	0.107444
1435	2	changing	7.4926e-05	0.107519
1436	2	changes	7.4926e-05	0.107594
1437	2	caused	7.4926e-05	0.107669
1438	2	cauldron	7.4926e-05	0.107744
1439	2	cat's	7.4926e-05	0.107819
1440	2	catching	7.4926e-05	0.107893
1441	2	carrying	7.4926e-05	0.107968
1442	2	cares	7.4926e-05	0.108043
1443	2	bye	7.4926e-05	0.108118
1444	2	busy	7.4926e-05	0.108193
1445	2	burn	7.4926e-05	0.108268
1446	2	brown	7.4926e-05	0.108343
1447	2	broke	7.4926e-05	0.108418
1448	2	brightened	7.4926e-05	0.108493
1449	2	break	7.4926e-05	0.108568
1450	2	branches	7.4926e-05	0.108643
1451	2	books	7.4926e-05	0.108718
1452	2	body	7.4926e-05	0.108793
1453	2	blow	7.4926e-05	0.108867
1454	2	blew	7.4926e-05	0.108942
1455	2	blasts	7.4926e-05	0.109017
1456	2	bite	7.4926e-05	0.109092
1457	2	bird	7.4926e-05	0.109167
1458	2	bend	7.4926e-05	0.109242
1459	2	belongs	7.4926e-05	0.109317
1460	2	beds	7.4926e-05	0.109392
1461	2	became	7.4926e-05	0.109467
1462	2	beautifully	7.4926e-05	0.109542
1463	2	beating	7.4926e-05	0.109617
1464	2	beasts	7.4926e-05	0.109692
1465	2	bear	7.4926e-05	0.109767
1466	2	barrowful	7.4926e-05	0.109842
1467	2	bark	7.4926e-05	0.109916
1468	2	bad	7.4926e-05	0.109991
1469	2	authority	7.4926e-05	0.110066
1470	2	atom	7.4926e-05	0.110141
1471	2	assembled	7.4926e-05	0.110216
1472	2	ashamed	7.4926e-05	0.110291
1473	2	archbishop	7.4926e-05	0.110366
1474	2	apples	7.4926e-05	0.110441
1475	2	appear	7.4926e-05	0.110516
1476	2	anger	7.4926e-05	0.110591
1477	2	also	7.4926e-05	0.110666
1478	2	already	7.4926e-05	0.110741
1479	2	alarm	7.4926e-05	0.110816
1480	2	agree	7.4926e-05	0.11089
1481	2	ago	7.4926e-05	0.110965
1482	2	afterwards	7.4926e-05	0.11104
1483	2	advisable	7.4926e-05	0.111115
1484	2	advice	7.4926e-05	0.11119
1485	2	addressed	7.4926e-05	0.111265
1486	2	accident	7.4926e-05	0.11134
1487	2	absurd	7.4926e-05	0.111415
1488	1	zigzag	3.7463e-05	0.055745
1489	1	zealand	3.7463e-05	0.0557824
1490	1	yelp	3.7463e-05	0.0558199
1491	1	yelled	3.7463e-05	0.0558573
1492	1	years	3.7463e-05	0.0558948
1493	1	ye	3.7463e-05	0.0559323
1494	1	yards	3.7463e-05	0.0559697
1495	1	yard	3.7463e-05	0.0560072
1496	1	xii	3.7463e-05	0.0560447
1497	1	xi	3.7463e-05	0.0560821
1498	1	x	3.7463e-05	0.0561196
1499	1	writhing	3.7463e-05	0.056157
1500	1	wriggling	3.7463e-05	0.0561945
1501	1	wrapping	3.7463e-05	0.056232
1502	1	worry	3.7463e-05	0.0562694
1503	1	worried	3.7463e-05	0.0563069
1504	1	worm	3.7463e-05	0.0563444
1505	1	works	3.7463e-05	0.0563818
1506	1	wore	3.7463e-05	0.0564193
1507	1	wooden	3.7463e-05	0.0564567
1508	1	wondered	3.7463e-05	0.0564942
1509	1	woke	3.7463e-05	0.0565317
1510	1	wits	3.7463e-05	0.0565691
1511	1	winter	3.7463e-05	0.0566066
1512	1	wings	3.7463e-05	0.0566441
1513	1	win	3.7463e-05	0.0566815
1514	1	william's	3.7463e-05	0.056719
1515	1	wife	3.7463e-05	0.0567565
1516	1	wider	3.7463e-05	0.0567939
1517	1	whom	3.7463e-05	0.0568314
1518	1	whoever	3.7463e-05	0.0568688
1519	1	whistling	3.7463e-05	0.0569063
1520	1	whistle	3.7463e-05	0.0569438
1521	1	whispers	3.7463e-05	0.0569812
1522	1	whiles	3.7463e-05	0.0570187
1523	1	whereupon	3.7463e-05	0.0570562
1524	1	whenever	3.7463e-05	0.0570936
1525	1	weren't	3.7463e-05	0.0571311
1526	1	wept	3.7463e-05	0.0571685
1527	1	welcome	3.7463e-05	0.057206
1528	1	weeks	3.7463e-05	0.0572435
1529	1	wearily	3.7463e-05	0.0572809
1530	1	ways	3.7463e-05	0.0573184
1531	1	waters	3.7463e-05	0.0573559
1532	1	waste	3.7463e-05	0.0573933
1533	1	warning	3.7463e-05	0.0574308
1534	1	wander	3.7463e-05	0.0574683
1535	1	walrus	3.7463e-05	0.0575057
1536	1	wait	3.7463e-05	0.0575432
1537	1	waist	3.7463e-05	0.0575806
1538	1	wags	3.7463e-05	0.0576181
1539	1	wag	3.7463e-05	0.0576556
1540	1	w	3.7463e-05	0.057693
1541	1	vulgar	3.7463e-05	0.0577305
1542	1	vote	3.7463e-05	0.057768
1543	1	visit	3.7463e-05	0.0578054
1544	1	violence	3.7463e-05	0.0578429
1545	1	vinegar	3.7463e-05	0.0578803
1546	1	viii	3.7463e-05	0.0579178
1547	1	vii	3.7463e-05	0.0579553
1548	1	vi	3.7463e-05	0.0579927
1549	1	velvet	3.7463e-05	0.0580302
1550	1	vegetable	3.7463e-05	0.0580677
1551	1	various	3.7463e-05	0.0581051
1552	1	variations	3.7463e-05	0.0581426
1553	1	vanishing	3.7463e-05	0.05818
1554	1	vague	3.7463e-05	0.0582175
1555	1	v	3.7463e-05	0.058255
1556	1	usurpation	3.7463e-05	0.0582924
1557	1	upstairs	3.7463e-05	0.0583299
1558	1	upsetting	3.7463e-05	0.0583674
1559	1	upright	3.7463e-05	0.0584048
1560	1	unwillingly	3.7463e-05	0.0584423
1561	1	unusually	3.7463e-05	0.0584798
1562	1	untwist	3.7463e-05	0.0585172
1563	1	unlocking	3.7463e-05	0.0585547
1564	1	unjust	3.7463e-05	0.0585921
1565	1	uneasy	3.7463e-05	0.0586296
1566	1	undoing	3.7463e-05	0.0586671
1567	1	undo	3.7463e-05	0.0587045
1568	1	understood	3.7463e-05	0.058742
1569	1	underneath	3.7463e-05	0.0587795
1570	1	uncorked	3.7463e-05	0.0588169
1571	1	uncommonly	3.7463e-05	0.0588544
1572	1	uncommon	3.7463e-05	0.0588918
1573	1	uncomfortably	3.7463e-05	0.0589293
1574	1	uncivil	3.7463e-05	0.0589668
1575	1	unable	3.7463e-05	0.0590042
1576	1	uglifying	3.7463e-05	0.0590417
1577	1	uglify	3.7463e-05	0.0590792
1578	1	twinkled	3.7463e-05	0.0591166
1579	1	twentieth	3.7463e-05	0.0591541
1580	1	twelfth	3.7463e-05	0.0591915
1581	1	turkey	3.7463e-05	0.059229
1582	1	tureen	3.7463e-05	0.0592665
1583	1	tunnel	3.7463e-05	0.0593039
1584	1	tumbled	3.7463e-05	0.0593414
1585	1	tulip	3.7463e-05	0.0593789
1586	1	truthful	3.7463e-05	0.0594163
1587	1	truth	3.7463e-05	0.0594538
1588	1	trusts	3.7463e-05	0.0594913
1589	1	trot	3.7463e-05	0.0595287
1590	1	trims	3.7463e-05	0.0595662
1591	1	tricks	3.7463e-05	0.0596036
1592	1	trickling	3.7463e-05	0.0596411
1593	1	trials	3.7463e-05	0.0596786
1594	1	tremulous	3.7463e-05	0.059716
1595	1	tremble	3.7463e-05	0.0597535
1596	1	treated	3.7463e-05	0.059791
1597	1	treat	3.7463e-05	0.0598284
1598	1	tray	3.7463e-05	0.0598659
1599	1	traps	3.7463e-05	0.0599033
1600	1	trampled	3.7463e-05	0.0599408
1601	1	toys	3.7463e-05	0.0599783
1602	1	towards	3.7463e-05	0.0600157
1603	1	tougher	3.7463e-05	0.0600532
1604	1	touch	3.7463e-05	0.0600907
1605	1	toss	3.7463e-05	0.0601281
1606	1	tops	3.7463e-05	0.0601656
1607	1	tomorrow	3.7463e-05	0.060203
1608	1	toffee	3.7463e-05	0.0602405
1609	1	today	3.7463e-05	0.060278
1610	1	toast	3.7463e-05	0.0603154
1611	1	tittered	3.7463e-05	0.0603529
1612	1	tipped	3.7463e-05	0.0603904
1613	1	tinkling	3.7463e-05	0.0604278
1614	1	tillie	3.7463e-05	0.0604653
1615	1	tight	3.7463e-05	0.0605028
1616	1	tied	3.7463e-05	0.0605402
1617	1	tie	3.7463e-05	0.0605777
1618	1	tidy	3.7463e-05	0.0606151
1619	1	tide	3.7463e-05	0.0606526
1620	1	thunderstorm	3.7463e-05	0.0606901
1621	1	thunder	3.7463e-05	0.0607275
1622	1	thrown	3.7463e-05	0.060765
1623	1	throne	3.7463e-05	0.0608025
1624	1	thirteen	3.7463e-05	0.0608399
1625	1	thin	3.7463e-05	0.0608774
1626	1	thick	3.7463e-05	0.0609148
1627	1	they've	3.7463e-05	0.0609523
1628	1	therefore	3.7463e-05	0.0609898
1629	1	theirs	3.7463e-05	0.0610272
1630	1	that'll	3.7463e-05	0.0610647
1631	1	thatched	3.7463e-05	0.0611022
1632	1	thanked	3.7463e-05	0.0611396
1633	1	terror	3.7463e-05	0.0611771
1634	1	terrier	3.7463e-05	0.0612146
1635	1	terribly	3.7463e-05	0.061252
1636	1	terms	3.7463e-05	0.0612895
1637	1	telescopes	3.7463e-05	0.0613269
1638	1	teeth	3.7463e-05	0.0613644
1639	1	teases	3.7463e-05	0.0614019
1640	1	teapot	3.7463e-05	0.0614393
1641	1	teaching	3.7463e-05	0.0614768
1642	1	tastes	3.7463e-05	0.0615143
1643	1	tart	3.7463e-05	0.0615517
1644	1	tales	3.7463e-05	0.0615892
1645	1	t	3.7463e-05	0.0616266
1646	1	sweet	3.7463e-05	0.0616641
1647	1	swallowing	3.7463e-05	0.0617016
1648	1	swallowed	3.7463e-05	0.061739
1649	1	swallow	3.7463e-05	0.0617765
1650	1	suppress	3.7463e-05	0.061814
1651	1	supple	3.7463e-05	0.0618514
1652	1	suet	3.7463e-05	0.0618889
1653	1	submitted	3.7463e-05	0.0619263
1654	1	subjects	3.7463e-05	0.0619638
1655	1	subdued	3.7463e-05	0.0620013
1656	1	stupidly	3.7463e-05	0.0620387
1657	1	stupidest	3.7463e-05	0.0620762
1658	1	strings	3.7463e-05	0.0621137
1659	1	strength	3.7463e-05	0.0621511
1660	1	straightening	3.7463e-05	0.0621886
1661	1	straightened	3.7463e-05	0.0622261
1662	1	stopping	3.7463e-05	0.0622635
1663	1	stool	3.7463e-05	0.062301
1664	1	stolen	3.7463e-05	0.0623384
1665	1	stockings	3.7463e-05	0.0623759
1666	1	stingy	3.7463e-05	0.0624134
1667	1	stigand	3.7463e-05	0.0624508
1668	1	stiff	3.7463e-05	0.0624883
1669	1	sticks	3.7463e-05	0.0625258
1670	1	sternly	3.7463e-05	0.0625632
1671	1	steam	3.7463e-05	0.0626007
1672	1	steady	3.7463e-05	0.0626381
1673	1	stays	3.7463e-05	0.0626756
1674	1	station	3.7463e-05	0.0627131
1675	1	state	3.7463e-05	0.0627505
1676	1	star	3.7463e-05	0.062788
1677	1	standing	3.7463e-05	0.0628255
1678	1	stalk	3.7463e-05	0.0628629
1679	1	squeezed	3.7463e-05	0.0629004
1680	1	squeeze	3.7463e-05	0.0629378
1681	1	squeaked	3.7463e-05	0.0629753
1682	1	spreading	3.7463e-05	0.0630128
1683	1	sprawling	3.7463e-05	0.0630502
1684	1	spot	3.7463e-05	0.0630877
1685	1	spoken	3.7463e-05	0.0631252
1686	1	splendidly	3.7463e-05	0.0631626
1687	1	splashed	3.7463e-05	0.0632001
1688	1	splash	3.7463e-05	0.0632376
1689	1	spite	3.7463e-05	0.063275
1690	1	spirited	3.7463e-05	0.0633125
1691	1	spell	3.7463e-05	0.0633499
1692	1	speed	3.7463e-05	0.0633874
1693	1	speaker	3.7463e-05	0.0634249
1694	1	spades	3.7463e-05	0.0634623
1695	1	sour	3.7463e-05	0.0634998
1696	1	sorry	3.7463e-05	0.0635373
1697	1	sorrows	3.7463e-05	0.0635747
1698	1	soothing	3.7463e-05	0.0636122
1699	1	son	3.7463e-05	0.0636496
1700	1	someone	3.7463e-05	0.0636871
1701	1	somehow	3.7463e-05	0.0637246
1702	1	solid	3.7463e-05	0.063762
1703	1	soles	3.7463e-05	0.0637995
1704	1	soldier	3.7463e-05	0.063837
1705	1	softly	3.7463e-05	0.0638744
1706	1	soft	3.7463e-05	0.0639119
1707	1	sobbed	3.7463e-05	0.0639494
1708	1	sob	3.7463e-05	0.0639868
1709	1	snout	3.7463e-05	0.0640243
1710	1	snorting	3.7463e-05	0.0640617
1711	1	sneezed	3.7463e-05	0.0640992
1712	1	snappishly	3.7463e-05	0.0641367
1713	1	smoke	3.7463e-05	0.0641741
1714	1	sluggard	3.7463e-05	0.0642116
1715	1	slippery	3.7463e-05	0.0642491
1716	1	slightest	3.7463e-05	0.0642865
1717	1	slates'll	3.7463e-05	0.064324
1718	1	skurried	3.7463e-05	0.0643614
1719	1	skirt	3.7463e-05	0.0643989
1720	1	skimming	3.7463e-05	0.0644364
1721	1	sizes	3.7463e-05	0.0644738
1722	1	sixteenth	3.7463e-05	0.0645113
1723	1	sixpence	3.7463e-05	0.0645488
1724	1	sits	3.7463e-05	0.0645862
1725	1	sister's	3.7463e-05	0.0646237
1726	1	sink	3.7463e-05	0.0646611
1727	1	simpleton	3.7463e-05	0.0646986
1728	1	signify	3.7463e-05	0.0647361
1729	1	signifies	3.7463e-05	0.0647735
1730	1	sign	3.7463e-05	0.064811
1731	1	shyly	3.7463e-05	0.0648485
1732	1	shy	3.7463e-05	0.0648859
1733	1	shrink	3.7463e-05	0.0649234
1734	1	shrimp	3.7463e-05	0.0649609
1735	1	shrieks	3.7463e-05	0.0649983
1736	1	shrieked	3.7463e-05	0.0650358
1737	1	shock	3.7463e-05	0.0650732
1738	1	shiver	3.7463e-05	0.0651107
1739	1	shiny	3.7463e-05	0.0651482
1740	1	shining	3.7463e-05	0.0651856
1741	1	shingle	3.7463e-05	0.0652231
1742	1	shillings	3.7463e-05	0.0652606
1743	1	shilling	3.7463e-05	0.065298
1744	1	shifting	3.7463e-05	0.0653355
1745	1	shepherd	3.7463e-05	0.0653729
1746	1	sheep	3.7463e-05	0.0654104
1747	1	shedding	3.7463e-05	0.0654479
1748	1	sharks	3.7463e-05	0.0654853
1749	1	shark	3.7463e-05	0.0655228
1750	1	sharing	3.7463e-05	0.0655603
1751	1	shared	3.7463e-05	0.0655977
1752	1	share	3.7463e-05	0.0656352
1753	1	shape	3.7463e-05	0.0656726
1754	1	shakespeare	3.7463e-05	0.0657101
1755	1	shake	3.7463e-05	0.0657476
1756	1	shade	3.7463e-05	0.065785
1757	1	severity	3.7463e-05	0.0658225
1758	1	settling	3.7463e-05	0.06586
1759	1	settle	3.7463e-05	0.0658974
1760	1	setting	3.7463e-05	0.0659349
1761	1	seriously	3.7463e-05	0.0659724
1762	1	series	3.7463e-05	0.0660098
1763	1	sentenced	3.7463e-05	0.0660473
1764	1	sends	3.7463e-05	0.0660847
1765	1	send	3.7463e-05	0.0661222
1766	1	seldom	3.7463e-05	0.0661597
1767	1	seeing	3.7463e-05	0.0661971
1768	1	secret	3.7463e-05	0.0662346
1769	1	seated	3.7463e-05	0.0662721
1770	1	seaside	3.7463e-05	0.0663095
1771	1	search	3.7463e-05	0.066347
1772	1	seaography	3.7463e-05	0.0663844
1773	1	seals	3.7463e-05	0.0664219
1774	1	screaming	3.7463e-05	0.0664594
1775	1	scratching	3.7463e-05	0.0664968
1776	1	scrambling	3.7463e-05	0.0665343
1777	1	scolded	3.7463e-05	0.0665718
1778	1	schoolroom	3.7463e-05	0.0666092
1779	1	scaly	3.7463e-05	0.0666467
1780	1	scale	3.7463e-05	0.0666841
1781	1	saves	3.7463e-05	0.0667216
1782	1	save	3.7463e-05	0.0667591
1783	1	saucer	3.7463e-05	0.0667965
1784	1	saucepans	3.7463e-05	0.066834
1785	1	saucepan	3.7463e-05	0.0668715
1786	1	sands	3.7463e-05	0.0669089
1787	1	sand	3.7463e-05	0.0669464
1788	1	salmon	3.7463e-05	0.0669839
1789	1	sage	3.7463e-05	0.0670213
1790	1	rustling	3.7463e-05	0.0670588
1791	1	rustled	3.7463e-05	0.0670962
1792	1	rushed	3.7463e-05	0.0671337
1793	1	rumbling	3.7463e-05	0.0671712
1794	1	rudeness	3.7463e-05	0.0672086
1795	1	rubbed	3.7463e-05	0.0672461
1796	1	roughly	3.7463e-05	0.0672836
1797	1	rosetree	3.7463e-05	0.067321
1798	1	rope	3.7463e-05	0.0673585
1799	1	rocket	3.7463e-05	0.0673959
1800	1	rock	3.7463e-05	0.0674334
1801	1	roast	3.7463e-05	0.0674709
1802	1	roared	3.7463e-05	0.0675083
1803	1	rising	3.7463e-05	0.0675458
1804	1	rises	3.7463e-05	0.0675833
1805	1	rise	3.7463e-05	0.0676207
1806	1	rippling	3.7463e-05	0.0676582
1807	1	riper	3.7463e-05	0.0676957
1808	1	rightly	3.7463e-05	0.0677331
1809	1	righthand	3.7463e-05	0.0677706
1810	1	ridiculous	3.7463e-05	0.067808
1811	1	ridges	3.7463e-05	0.0678455
1812	1	ridge	3.7463e-05	0.067883
1813	1	riddle	3.7463e-05	0.0679204
1814	1	rich	3.7463e-05	0.0679579
1815	1	returning	3.7463e-05	0.0679954
1816	1	retire	3.7463e-05	0.0680328
1817	1	result	3.7463e-05	0.0680703
1818	1	respectful	3.7463e-05	0.0681077
1819	1	respectable	3.7463e-05	0.0681452
1820	1	respect	3.7463e-05	0.0681827
1821	1	resource	3.7463e-05	0.0682201
1822	1	reminding	3.7463e-05	0.0682576
1823	1	remembering	3.7463e-05	0.0682951
1824	1	remedies	3.7463e-05	0.0683325
1825	1	remaining	3.7463e-05	0.06837
1826	1	remain	3.7463e-05	0.0684074
1827	1	relieved	3.7463e-05	0.0684449
1828	1	refused	3.7463e-05	0.0684824
1829	1	refreshments	3.7463e-05	0.0685198
1830	1	reeling	3.7463e-05	0.0685573
1831	1	reeds	3.7463e-05	0.0685948
1832	1	reduced	3.7463e-05	0.0686322
1833	1	recognised	3.7463e-05	0.0686697
1834	1	received	3.7463e-05	0.0687072
1835	1	reasons	3.7463e-05	0.0687446
1836	1	reasonable	3.7463e-05	0.0687821
1837	1	rearing	3.7463e-05	0.0688195
1838	1	reality	3.7463e-05	0.068857
1839	1	readily	3.7463e-05	0.0688945
1840	1	reaching	3.7463e-05	0.0689319
1841	1	raw	3.7463e-05	0.0689694
1842	1	ravens	3.7463e-05	0.0690069
1843	1	raven	3.7463e-05	0.0690443
1844	1	rattle	3.7463e-05	0.0690818
1845	1	rats	3.7463e-05	0.0691192
1846	1	rat	3.7463e-05	0.0691567
1847	1	rapped	3.7463e-05	0.0691942
1848	1	raising	3.7463e-05	0.0692316
1849	1	rabbits	3.7463e-05	0.0692691
1850	1	quiver	3.7463e-05	0.0693066
1851	1	quicker	3.7463e-05	0.069344
1852	1	queerest	3.7463e-05	0.0693815
1853	1	queens	3.7463e-05	0.0694189
1854	1	quarrelled	3.7463e-05	0.0694564
1855	1	quarrel	3.7463e-05	0.0694939
1856	1	puzzle	3.7463e-05	0.0695313
1857	1	puss	3.7463e-05	0.0695688
1858	1	push	3.7463e-05	0.0696063
1859	1	purpose	3.7463e-05	0.0696437
1860	1	purple	3.7463e-05	0.0696812
1861	1	puppy's	3.7463e-05	0.0697187
1862	1	punished	3.7463e-05	0.0697561
1863	1	punching	3.7463e-05	0.0697936
1864	1	pun	3.7463e-05	0.069831
1865	1	pulling	3.7463e-05	0.0698685
1866	1	pulled	3.7463e-05	0.069906
1867	1	puffed	3.7463e-05	0.0699434
1868	1	provoking	3.7463e-05	0.0699809
1869	1	prove	3.7463e-05	0.0700184
1870	1	protection	3.7463e-05	0.0700558
1871	1	prosecute	3.7463e-05	0.0700933
1872	1	proposal	3.7463e-05	0.0701307
1873	1	pronounced	3.7463e-05	0.0701682
1874	1	promising	3.7463e-05	0.0702057
1875	1	promised	3.7463e-05	0.0702431
1876	1	promise	3.7463e-05	0.0702806
1877	1	producing	3.7463e-05	0.0703181
1878	1	produced	3.7463e-05	0.0703555
1879	1	processions	3.7463e-05	0.070393
1880	1	prize	3.7463e-05	0.0704304
1881	1	prisoner's	3.7463e-05	0.0704679
1882	1	prisoner	3.7463e-05	0.0705054
1883	1	prison	3.7463e-05	0.0705428
1884	1	printed	3.7463e-05	0.0705803
1885	1	prevent	3.7463e-05	0.0706178
1886	1	pretty	3.7463e-05	0.0706552
1887	1	prettier	3.7463e-05	0.0706927
1888	1	pretexts	3.7463e-05	0.0707302
1889	1	pretending	3.7463e-05	0.0707676
1890	1	pretend	3.7463e-05	0.0708051
1891	1	pressing	3.7463e-05	0.0708425
1892	1	presented	3.7463e-05	0.07088
1893	1	precious	3.7463e-05	0.0709175
1894	1	practice	3.7463e-05	0.0709549
1895	1	powdered	3.7463e-05	0.0709924
1896	1	poured	3.7463e-05	0.0710299
1897	1	pour	3.7463e-05	0.0710673
1898	1	pounds	3.7463e-05	0.0711048
1899	1	pot	3.7463e-05	0.0711422
1900	1	possible	3.7463e-05	0.0711797
1901	1	positively	3.7463e-05	0.0712172
1902	1	pope	3.7463e-05	0.0712546
1903	1	pop	3.7463e-05	0.0712921
1904	1	poky	3.7463e-05	0.0713296
1905	1	poker	3.7463e-05	0.071367
1906	1	pointed	3.7463e-05	0.0714045
1907	1	pleasing	3.7463e-05	0.071442
1908	1	pleases	3.7463e-05	0.0714794
1909	1	pleasanter	3.7463e-05	0.0715169
1910	1	pleasant	3.7463e-05	0.0715543
1911	1	played	3.7463e-05	0.0715918
1912	1	planning	3.7463e-05	0.0716293
1913	1	plainly	3.7463e-05	0.0716667
1914	1	placed	3.7463e-05	0.0717042
1915	1	pitied	3.7463e-05	0.0717417
1916	1	piteous	3.7463e-05	0.0717791
1917	1	pink	3.7463e-05	0.0718166
1918	1	pine	3.7463e-05	0.071854
1919	1	pictured	3.7463e-05	0.0718915
1920	1	picture	3.7463e-05	0.071929
1921	1	pet	3.7463e-05	0.0719664
1922	1	persons	3.7463e-05	0.0720039
1923	1	permitted	3.7463e-05	0.0720414
1924	1	pencils	3.7463e-05	0.0720788
1925	1	pence	3.7463e-05	0.0721163
1926	1	pegs	3.7463e-05	0.0721537
1927	1	peering	3.7463e-05	0.0721912
1928	1	peeping	3.7463e-05	0.0722287
1929	1	paused	3.7463e-05	0.0722661
1930	1	pattern	3.7463e-05	0.0723036
1931	1	patted	3.7463e-05	0.0723411
1932	1	patriotic	3.7463e-05	0.0723785
1933	1	patience	3.7463e-05	0.072416
1934	1	passionate	3.7463e-05	0.0724535
1935	1	passing	3.7463e-05	0.0724909
1936	1	pass	3.7463e-05	0.0725284
1937	1	parts	3.7463e-05	0.0725658
1938	1	partners	3.7463e-05	0.0726033
1939	1	partner	3.7463e-05	0.0726408
1940	1	pardoned	3.7463e-05	0.0726782
1941	1	panted	3.7463e-05	0.0727157
1942	1	pan	3.7463e-05	0.0727532
1943	1	pairs	3.7463e-05	0.0727906
1944	1	paint	3.7463e-05	0.0728281
1945	1	pace	3.7463e-05	0.0728655
1946	1	oyster	3.7463e-05	0.072903
1947	1	overhead	3.7463e-05	0.0729405
1948	1	overcome	3.7463e-05	0.0729779
1949	1	ourselves	3.7463e-05	0.0730154
1950	1	ours	3.7463e-05	0.0730529
1951	1	ou	3.7463e-05	0.0730903
1952	1	orange	3.7463e-05	0.0731278
1953	1	opposite	3.7463e-05	0.0731652
1954	1	opinion	3.7463e-05	0.0732027
1955	1	onions	3.7463e-05	0.0732402
1956	1	oneself	3.7463e-05	0.0732776
1957	1	one's	3.7463e-05	0.0733151
1958	1	ones	3.7463e-05	0.0733526
1959	1	oldest	3.7463e-05	0.07339
1960	1	ointment	3.7463e-05	0.0734275
1961	1	officer	3.7463e-05	0.073465
1962	1	offend	3.7463e-05	0.0735024
1963	1	odd	3.7463e-05	0.0735399
1964	1	occasionally	3.7463e-05	0.0735773
1965	1	occasional	3.7463e-05	0.0736148
1966	1	obstacle	3.7463e-05	0.0736523
1967	1	oblong	3.7463e-05	0.0736897
1968	1	noticing	3.7463e-05	0.0737272
1969	1	normans	3.7463e-05	0.0737647
1970	1	noises	3.7463e-05	0.0738021
1971	1	nodded	3.7463e-05	0.0738396
1972	1	nile	3.7463e-05	0.073877
1973	1	newspapers	3.7463e-05	0.0739145
1974	1	nevertheless	3.7463e-05	0.073952
1975	1	nest	3.7463e-05	0.0739894
1976	1	neighbouring	3.7463e-05	0.0740269
1977	1	neighbour	3.7463e-05	0.0740644
1978	1	needs	3.7463e-05	0.0741018
1979	1	neat	3.7463e-05	0.0741393
1980	1	nay	3.7463e-05	0.0741768
1981	1	naturedly	3.7463e-05	0.0742142
1982	1	natured	3.7463e-05	0.0742517
1983	1	nasty	3.7463e-05	0.0742891
1984	1	muscular	3.7463e-05	0.0743266
1985	1	murdering	3.7463e-05	0.0743641
1986	1	murder	3.7463e-05	0.0744015
1987	1	multiplication	3.7463e-05	0.074439
1988	1	muddle	3.7463e-05	0.0744765
1989	1	mouse's	3.7463e-05	0.0745139
1990	1	mournfully	3.7463e-05	0.0745514
1991	1	mournful	3.7463e-05	0.0745888
1992	1	morsel	3.7463e-05	0.0746263
1993	1	morals	3.7463e-05	0.0746638
1994	1	moon	3.7463e-05	0.0747012
1995	1	modern	3.7463e-05	0.0747387
1996	1	moderate	3.7463e-05	0.0747762
1997	1	mischief	3.7463e-05	0.0748136
1998	1	mineral	3.7463e-05	0.0748511
1999	1	minding	3.7463e-05	0.0748885
2000	1	minded	3.7463e-05	0.074926
2001	1	millennium	3.7463e-05	0.0749635
2002	1	merrily	3.7463e-05	0.0750009
2003	1	men	3.7463e-05	0.0750384
2004	1	memory	3.7463e-05	0.0750759
2005	1	memorandum	3.7463e-05	0.0751133
2006	1	meeting	3.7463e-05	0.0751508
2007	1	meat	3.7463e-05	0.0751883
2008	1	measure	3.7463e-05	0.0752257
2009	1	meanwhile	3.7463e-05	0.0752632
2010	1	meal	3.7463e-05	0.0753006
2011	1	mayn't	3.7463e-05	0.0753381
2012	1	marmalade	3.7463e-05	0.0753756
2013	1	marched	3.7463e-05	0.075413
2014	1	maps	3.7463e-05	0.0754505
2015	1	manners	3.7463e-05	0.075488
2016	1	managing	3.7463e-05	0.0755254
2017	1	mallets	3.7463e-05	0.0755629
2018	1	magpie	3.7463e-05	0.0756003
2019	1	magic	3.7463e-05	0.0756378
2020	1	machines	3.7463e-05	0.0756753
2021	1	ma'am	3.7463e-05	0.0757127
2022	1	lullaby	3.7463e-05	0.0757502
2023	1	lowing	3.7463e-05	0.0757877
2024	1	lower	3.7463e-05	0.0758251
2025	1	loving	3.7463e-05	0.0758626
2026	1	loveliest	3.7463e-05	0.0759
2027	1	louder	3.7463e-05	0.0759375
2028	1	losing	3.7463e-05	0.075975
2029	1	lose	3.7463e-05	0.0760124
2030	1	loose	3.7463e-05	0.0760499
2031	1	london	3.7463e-05	0.0760874
2032	1	lodging	3.7463e-05	0.0761248
2033	1	locked	3.7463e-05	0.0761623
2034	1	lock	3.7463e-05	0.0761998
2035	1	lizard's	3.7463e-05	0.0762372
2036	1	lit	3.7463e-05	0.0762747
2037	1	listeners	3.7463e-05	0.0763121
2038	1	listened	3.7463e-05	0.0763496
2039	1	lips	3.7463e-05	0.0763871
2040	1	linked	3.7463e-05	0.0764245
2041	1	lines	3.7463e-05	0.076462
2042	1	limbs	3.7463e-05	0.0764995
2043	1	likes	3.7463e-05	0.0765369
2044	1	lifted	3.7463e-05	0.0765744
2045	1	licking	3.7463e-05	0.0766118
2046	1	lewis	3.7463e-05	0.0766493
2047	1	letters	3.7463e-05	0.0766868
2048	1	lest	3.7463e-05	0.0767242
2049	1	lessen	3.7463e-05	0.0767617
2050	1	length	3.7463e-05	0.0767992
2051	1	ledge	3.7463e-05	0.0768366
2052	1	leaving	3.7463e-05	0.0768741
2053	1	learned	3.7463e-05	0.0769115
2054	1	leap	3.7463e-05	0.076949
2055	1	leant	3.7463e-05	0.0769865
2056	1	leading	3.7463e-05	0.0770239
2057	1	leaders	3.7463e-05	0.0770614
2058	1	lazy	3.7463e-05	0.0770989
2059	1	lazily	3.7463e-05	0.0771363
2060	1	laughter	3.7463e-05	0.0771738
2061	1	laugh	3.7463e-05	0.0772113
2062	1	latin	3.7463e-05	0.0772487
2063	1	lately	3.7463e-05	0.0772862
2064	1	lastly	3.7463e-05	0.0773236
2065	1	lark	3.7463e-05	0.0773611
2066	1	largest	3.7463e-05	0.0773986
2067	1	languid	3.7463e-05	0.077436
2068	1	land	3.7463e-05	0.0774735
2069	1	lamps	3.7463e-05	0.077511
2070	1	ladder	3.7463e-05	0.0775484
2071	1	lad	3.7463e-05	0.0775859
2072	1	lacie	3.7463e-05	0.0776233
2073	1	labelled	3.7463e-05	0.0776608
2074	1	knuckles	3.7463e-05	0.0776983
2075	1	known	3.7463e-05	0.0777357
2076	1	knocked	3.7463e-05	0.0777732
2077	1	knock	3.7463e-05	0.0778107
2078	1	knelt	3.7463e-05	0.0778481
2079	1	kneel	3.7463e-05	0.0778856
2080	1	kissed	3.7463e-05	0.0779231
2081	1	kiss	3.7463e-05	0.0779605
2082	1	kings	3.7463e-05	0.077998
2083	1	kills	3.7463e-05	0.0780354
2084	1	killing	3.7463e-05	0.0780729
2085	1	kill	3.7463e-05	0.0781104
2086	1	kettle	3.7463e-05	0.0781478
2087	1	justice	3.7463e-05	0.0781853
2088	1	juror	3.7463e-05	0.0782228
2089	1	jug	3.7463e-05	0.0782602
2090	1	judging	3.7463e-05	0.0782977
2091	1	joys	3.7463e-05	0.0783351
2092	1	journey	3.7463e-05	0.0783726
2093	1	jogged	3.7463e-05	0.0784101
2094	1	jelly	3.7463e-05	0.0784475
2095	1	jaw	3.7463e-05	0.078485
2096	1	jack	3.7463e-05	0.0785225
2097	1	ix	3.7463e-05	0.0785599
2098	1	iv	3.7463e-05	0.0785974
2099	1	irritated	3.7463e-05	0.0786348
2100	1	irons	3.7463e-05	0.0786723
2101	1	inwards	3.7463e-05	0.0787098
2102	1	involved	3.7463e-05	0.0787472
2103	1	invented	3.7463e-05	0.0787847
2104	1	invent	3.7463e-05	0.0788222
2105	1	introduced	3.7463e-05	0.0788596
2106	1	interrupt	3.7463e-05	0.0788971
2107	1	interest	3.7463e-05	0.0789346
2108	1	insult	3.7463e-05	0.078972
2109	1	insolence	3.7463e-05	0.0790095
2110	1	inquisitively	3.7463e-05	0.0790469
2111	1	inquired	3.7463e-05	0.0790844
2112	1	inkstand	3.7463e-05	0.0791219
2113	1	ink	3.7463e-05	0.0791593
2114	1	injure	3.7463e-05	0.0791968
2115	1	indignant	3.7463e-05	0.0792343
2116	1	inclined	3.7463e-05	0.0792717
2117	1	incessantly	3.7463e-05	0.0793092
2118	1	improve	3.7463e-05	0.0793466
2119	1	impertinent	3.7463e-05	0.0793841
2120	1	impatient	3.7463e-05	0.0794216
2121	1	immense	3.7463e-05	0.079459
2122	1	immediate	3.7463e-05	0.0794965
2123	1	imitated	3.7463e-05	0.079534
2124	1	iii	3.7463e-05	0.0795714
2125	1	ii	3.7463e-05	0.0796089
2126	1	ignorant	3.7463e-05	0.0796463
2127	1	idiotic	3.7463e-05	0.0796838
2128	1	idiot	3.7463e-05	0.0797213
2129	1	hurrying	3.7463e-05	0.0797587
2130	1	hung	3.7463e-05	0.0797962
2131	1	hundred	3.7463e-05	0.0798337
2132	1	humble	3.7463e-05	0.0798711
2133	1	howled	3.7463e-05	0.0799086
2134	1	houses	3.7463e-05	0.0799461
2135	1	housemaid	3.7463e-05	0.0799835
2136	1	horse	3.7463e-05	0.080021
2137	1	hopeless	3.7463e-05	0.0800584
2138	1	hopeful	3.7463e-05	0.0800959
2139	1	hoped	3.7463e-05	0.0801334
2140	1	honest	3.7463e-05	0.0801708
2141	1	hollow	3.7463e-05	0.0802083
2142	1	holiday	3.7463e-05	0.0802458
2143	1	hoarsely	3.7463e-05	0.0802832
2144	1	hm	3.7463e-05	0.0803207
2145	1	hjckrrh	3.7463e-05	0.0803581
2146	1	histories	3.7463e-05	0.0803956
2147	1	hiss	3.7463e-05	0.0804331
2148	1	hippopotamus	3.7463e-05	0.0804705
2149	1	highest	3.7463e-05	0.080508
2150	1	hide	3.7463e-05	0.0805455
2151	1	hid	3.7463e-05	0.0805829
2152	1	herald	3.7463e-05	0.0806204
2153	1	helpless	3.7463e-05	0.0806579
2154	1	helped	3.7463e-05	0.0806953
2155	1	he'll	3.7463e-05	0.0807328
2156	1	heels	3.7463e-05	0.0807702
2157	1	hedges	3.7463e-05	0.0808077
2158	1	he'd	3.7463e-05	0.0808452
2159	1	hearthrug	3.7463e-05	0.0808826
2160	1	hearth	3.7463e-05	0.0809201
2161	1	heap	3.7463e-05	0.0809576
2162	1	head's	3.7463e-05	0.080995
2163	1	hatter's	3.7463e-05	0.0810325
2164	1	hatters	3.7463e-05	0.0810699
2165	1	hated	3.7463e-05	0.0811074
2166	1	hatching	3.7463e-05	0.0811449
2167	1	hat	3.7463e-05	0.0811823
2168	1	haste	3.7463e-05	0.0812198
2169	1	harm	3.7463e-05	0.0812573
2170	1	happy	3.7463e-05	0.0812947
2171	1	happening	3.7463e-05	0.0813322
2172	1	handwriting	3.7463e-05	0.0813696
2173	1	handsome	3.7463e-05	0.0814071
2174	1	guilt	3.7463e-05	0.0814446
2175	1	guard	3.7463e-05	0.081482
2176	1	grunt	3.7463e-05	0.0815195
2177	1	grumbled	3.7463e-05	0.081557
2178	1	growls	3.7463e-05	0.0815944
2179	1	growling	3.7463e-05	0.0816319
2180	1	growled	3.7463e-05	0.0816694
2181	1	grins	3.7463e-05	0.0817068
2182	1	grinning	3.7463e-05	0.0817443
2183	1	grief	3.7463e-05	0.0817817
2184	1	grey	3.7463e-05	0.0818192
2185	1	grew	3.7463e-05	0.0818567
2186	1	grazed	3.7463e-05	0.0818941
2187	1	gravy	3.7463e-05	0.0819316
2188	1	grant	3.7463e-05	0.0819691
2189	1	grammar	3.7463e-05	0.0820065
2190	1	graceful	3.7463e-05	0.082044
2191	1	gloomily	3.7463e-05	0.0820814
2192	1	globe	3.7463e-05	0.0821189
2193	1	glaring	3.7463e-05	0.0821564
2194	1	glanced	3.7463e-05	0.0821938
2195	1	given	3.7463e-05	0.0822313
2196	1	geography	3.7463e-05	0.0822688
2197	1	gazing	3.7463e-05	0.0823062
2198	1	gay	3.7463e-05	0.0823437
2199	1	gather	3.7463e-05	0.0823811
2200	1	game's	3.7463e-05	0.0824186
2201	1	games	3.7463e-05	0.0824561
2202	1	gallons	3.7463e-05	0.0824935
2203	1	gained	3.7463e-05	0.082531
2204	1	furrows	3.7463e-05	0.0825685
2205	1	furrow	3.7463e-05	0.0826059
2206	1	furiously	3.7463e-05	0.0826434
2207	1	furious	3.7463e-05	0.0826809
2208	1	fumbled	3.7463e-05	0.0827183
2209	1	fulcrum	3.7463e-05	0.0827558
2210	1	ful	3.7463e-05	0.0827932
2211	1	frying	3.7463e-05	0.0828307
2212	1	frontispiece	3.7463e-05	0.0828682
2213	1	frighten	3.7463e-05	0.0829056
2214	1	france	3.7463e-05	0.0829431
2215	1	frames	3.7463e-05	0.0829806
2216	1	frame	3.7463e-05	0.083018
2217	1	fourth	3.7463e-05	0.0830555
2218	1	fourteenth	3.7463e-05	0.0830929
2219	1	forwards	3.7463e-05	0.0831304
2220	1	forty	3.7463e-05	0.0831679
2221	1	fortunately	3.7463e-05	0.0832053
2222	1	form	3.7463e-05	0.0832428
2223	1	fork	3.7463e-05	0.0832803
2224	1	forepaws	3.7463e-05	0.0833177
2225	1	footmen	3.7463e-05	0.0833552
2226	1	footman's	3.7463e-05	0.0833926
2227	1	foolish	3.7463e-05	0.0834301
2228	1	folding	3.7463e-05	0.0834676
2229	1	flying	3.7463e-05	0.083505
2230	1	fluttered	3.7463e-05	0.0835425
2231	1	flustered	3.7463e-05	0.08358
2232	1	flurry	3.7463e-05	0.0836174
2233	1	flung	3.7463e-05	0.0836549
2234	1	flown	3.7463e-05	0.0836924
2235	1	flock	3.7463e-05	0.0837298
2236	1	flinging	3.7463e-05	0.0837673
2237	1	flew	3.7463e-05	0.0838047
2238	1	flavour	3.7463e-05	0.0838422
2239	1	flashed	3.7463e-05	0.0838797
2240	1	flappers	3.7463e-05	0.0839171
2241	1	flapper	3.7463e-05	0.0839546
2242	1	flame	3.7463e-05	0.0839921
2243	1	fixed	3.7463e-05	0.0840295
2244	1	fix	3.7463e-05	0.084067
2245	1	fitted	3.7463e-05	0.0841044
2246	1	fits	3.7463e-05	0.0841419
2247	1	fishes	3.7463e-05	0.0841794
2248	1	fireplace	3.7463e-05	0.0842168
2249	1	finishing	3.7463e-05	0.0842543
2250	1	finds	3.7463e-05	0.0842918
2251	1	fills	3.7463e-05	0.0843292
2252	1	figures	3.7463e-05	0.0843667
2253	1	fighting	3.7463e-05	0.0844042
2254	1	fig	3.7463e-05	0.0844416
2255	1	fifth	3.7463e-05	0.0844791
2256	1	fifteenth	3.7463e-05	0.0845165
2257	1	fifteen	3.7463e-05	0.084554
2258	1	field	3.7463e-05	0.0845915
2259	1	fidgeted	3.7463e-05	0.0846289
2260	1	fender	3.7463e-05	0.0846664
2261	1	fellows	3.7463e-05	0.0847039
2262	1	feebly	3.7463e-05	0.0847413
2263	1	feathers	3.7463e-05	0.0847788
2264	1	feather	3.7463e-05	0.0848162
2265	1	feared	3.7463e-05	0.0848537
2266	1	favourite	3.7463e-05	0.0848912
2267	1	favoured	3.7463e-05	0.0849286
2268	1	fat	3.7463e-05	0.0849661
2269	1	farther	3.7463e-05	0.0850036
2270	1	farmer	3.7463e-05	0.085041
2271	1	farm	3.7463e-05	0.0850785
2272	1	fanning	3.7463e-05	0.0851159
2273	1	fanned	3.7463e-05	0.0851534
2274	1	fancying	3.7463e-05	0.0851909
2275	1	family	3.7463e-05	0.0852283
2276	1	familiarly	3.7463e-05	0.0852658
2277	1	fairy	3.7463e-05	0.0853033
2278	1	fairly	3.7463e-05	0.0853407
2279	1	fair	3.7463e-05	0.0853782
2280	1	faintly	3.7463e-05	0.0854157
2281	1	fainting	3.7463e-05	0.0854531
2282	1	faint	3.7463e-05	0.0854906
2283	1	failure	3.7463e-05	0.085528
2284	1	fading	3.7463e-05	0.0855655
2285	1	eyelids	3.7463e-05	0.085603
2286	1	eyed	3.7463e-05	0.0856404
2287	1	extras	3.7463e-05	0.0856779
2288	1	extra	3.7463e-05	0.0857154
2289	1	expression	3.7463e-05	0.0857528
2290	1	expressing	3.7463e-05	0.0857903
2291	1	explanations	3.7463e-05	0.0858277
2292	1	explained	3.7463e-05	0.0858652
2293	1	expected	3.7463e-05	0.0859027
2294	1	existence	3.7463e-05	0.0859401
2295	1	executioner's	3.7463e-05	0.0859776
2296	1	executes	3.7463e-05	0.0860151
2297	1	execute	3.7463e-05	0.0860525
2298	1	exclamation	3.7463e-05	0.08609
2299	1	examining	3.7463e-05	0.0861274
2300	1	exact	3.7463e-05	0.0861649
2301	1	evidently	3.7463e-05	0.0862024
2302	1	est	3.7463e-05	0.0862398
2303	1	esq	3.7463e-05	0.0862773
2304	1	entrance	3.7463e-05	0.0863148
2305	1	enormous	3.7463e-05	0.0863522
2306	1	enjoy	3.7463e-05	0.0863897
2307	1	engraved	3.7463e-05	0.0864272
2308	1	england	3.7463e-05	0.0864646
2309	1	engine	3.7463e-05	0.0865021
2310	1	engaged	3.7463e-05	0.0865395
2311	1	energetic	3.7463e-05	0.086577
2312	1	encouraged	3.7463e-05	0.0866145
2313	1	encourage	3.7463e-05	0.0866519
2314	1	empty	3.7463e-05	0.0866894
2315	1	emphasis	3.7463e-05	0.0867269
2316	1	elsie	3.7463e-05	0.0867643
2317	1	else's	3.7463e-05	0.0868018
2318	1	eleventh	3.7463e-05	0.0868392
2319	1	elegant	3.7463e-05	0.0868767
2320	1	elbows	3.7463e-05	0.0869142
2321	1	eh	3.7463e-05	0.0869516
2322	1	egg	3.7463e-05	0.0869891
2323	1	eels	3.7463e-05	0.0870266
2324	1	educations	3.7463e-05	0.087064
2325	1	edition	3.7463e-05	0.0871015
2326	1	edgar	3.7463e-05	0.087139
2327	1	eats	3.7463e-05	0.0871764
2328	1	eating	3.7463e-05	0.0872139
2329	1	eaten	3.7463e-05	0.0872513
2330	1	dunce	3.7463e-05	0.0872888
2331	1	drowned	3.7463e-05	0.0873263
2332	1	dropping	3.7463e-05	0.0873637
2333	1	drop	3.7463e-05	0.0874012
2334	1	dripping	3.7463e-05	0.0874387
2335	1	drinking	3.7463e-05	0.0874761
2336	1	driest	3.7463e-05	0.0875136
2337	1	dried	3.7463e-05	0.087551
2338	1	dressed	3.7463e-05	0.0875885
2339	1	dreamy	3.7463e-05	0.087626
2340	1	dreaming	3.7463e-05	0.0876634
2341	1	dreamed	3.7463e-05	0.0877009
2342	1	drawing	3.7463e-05	0.0877384
2343	1	draggled	3.7463e-05	0.0877758
2344	1	dozing	3.7463e-05	0.0878133
2345	1	doze	3.7463e-05	0.0878507
2346	1	downwards	3.7463e-05	0.0878882
2347	1	downward	3.7463e-05	0.0879257
2348	1	doubling	3.7463e-05	0.0879631
2349	1	doubled	3.7463e-05	0.0880006
2350	1	double	3.7463e-05	0.0880381
2351	1	dormouse's	3.7463e-05	0.0880755
2352	1	doorway	3.7463e-05	0.088113
2353	1	dog's	3.7463e-05	0.0881505
2354	1	dodged	3.7463e-05	0.0881879
2355	1	dive	3.7463e-05	0.0882254
2356	1	distraction	3.7463e-05	0.0882628
2357	1	disobey	3.7463e-05	0.0883003
2358	1	dismay	3.7463e-05	0.0883378
2359	1	disgust	3.7463e-05	0.0883752
2360	1	disappointment	3.7463e-05	0.0884127
2361	1	disagree	3.7463e-05	0.0884502
2362	1	dinah's	3.7463e-05	0.0884876
2363	1	diligently	3.7463e-05	0.0885251
2364	1	dig	3.7463e-05	0.0885625
2365	1	difficulties	3.7463e-05	0.0886
2366	1	died	3.7463e-05	0.0886375
2367	1	die	3.7463e-05	0.0886749
2368	1	diamonds	3.7463e-05	0.0887124
2369	1	desperately	3.7463e-05	0.0887499
2370	1	desperate	3.7463e-05	0.0887873
2371	1	despair	3.7463e-05	0.0888248
2372	1	desks	3.7463e-05	0.0888622
2373	1	desk	3.7463e-05	0.0888997
2374	1	deserved	3.7463e-05	0.0889372
2375	1	derision	3.7463e-05	0.0889746
2376	1	depends	3.7463e-05	0.0890121
2377	1	denying	3.7463e-05	0.0890496
2378	1	denies	3.7463e-05	0.089087
2379	1	denial	3.7463e-05	0.0891245
2380	1	delay	3.7463e-05	0.089162
2381	1	deepest	3.7463e-05	0.0891994
2382	1	declared	3.7463e-05	0.0892369
2383	1	death	3.7463e-05	0.0892743
2384	1	daughter	3.7463e-05	0.0893118
2385	1	dates	3.7463e-05	0.0893493
2386	1	darkness	3.7463e-05	0.0893867
2387	1	daresay	3.7463e-05	0.0894242
2388	1	daisy	3.7463e-05	0.0894617
2389	1	daisies	3.7463e-05	0.0894991
2390	1	dainties	3.7463e-05	0.0895366
2391	1	d	3.7463e-05	0.089574
2392	1	cutting	3.7463e-05	0.0896115
2393	1	custard	3.7463e-05	0.089649
2394	1	curving	3.7463e-05	0.0896864
2395	1	curtseying	3.7463e-05	0.0897239
2396	1	curtsey	3.7463e-05	0.0897614
2397	1	curtain	3.7463e-05	0.0897988
2398	1	currants	3.7463e-05	0.0898363
2399	1	curly	3.7463e-05	0.0898737
2400	1	curls	3.7463e-05	0.0899112
2401	1	cur	3.7463e-05	0.0899487
2402	1	cunning	3.7463e-05	0.0899861
2403	1	crust	3.7463e-05	0.0900236
2404	1	crouched	3.7463e-05	0.0900611
2405	1	crossly	3.7463e-05	0.0900985
2406	1	croqueting	3.7463e-05	0.090136
2407	1	croqueted	3.7463e-05	0.0901735
2408	1	crocodile	3.7463e-05	0.0902109
2409	1	cries	3.7463e-05	0.0902484
2410	1	crept	3.7463e-05	0.0902858
2411	1	creep	3.7463e-05	0.0903233
2412	1	crazy	3.7463e-05	0.0903608
2413	1	crawling	3.7463e-05	0.0903982
2414	1	crawled	3.7463e-05	0.0904357
2415	1	crashed	3.7463e-05	0.0904732
2416	1	coward	3.7463e-05	0.0905106
2417	1	couples	3.7463e-05	0.0905481
2418	1	couple	3.7463e-05	0.0905855
2419	1	country	3.7463e-05	0.090623
2420	1	counting	3.7463e-05	0.0906605
2421	1	cost	3.7463e-05	0.0906979
2422	1	corners	3.7463e-05	0.0907354
2423	1	conversations	3.7463e-05	0.0907729
2424	1	contradicted	3.7463e-05	0.0908103
2425	1	content	3.7463e-05	0.0908478
2426	1	contemptuous	3.7463e-05	0.0908853
2427	1	contempt	3.7463e-05	0.0909227
2428	1	consultation	3.7463e-05	0.0909602
2429	1	consented	3.7463e-05	0.0909976
2430	1	conquest	3.7463e-05	0.0910351
2431	1	conger	3.7463e-05	0.0910726
2432	1	conduct	3.7463e-05	0.09111
2433	1	condemn	3.7463e-05	0.0911475
2434	1	completely	3.7463e-05	0.091185
2435	1	complaining	3.7463e-05	0.0912224
2436	1	complained	3.7463e-05	0.0912599
2437	1	company	3.7463e-05	0.0912973
2438	1	commotion	3.7463e-05	0.0913348
2439	1	common	3.7463e-05	0.0913723
2440	1	comfortably	3.7463e-05	0.0914097
2441	1	comfortable	3.7463e-05	0.0914472
2442	1	comfort	3.7463e-05	0.0914847
2443	1	collar	3.7463e-05	0.0915221
2444	1	cold	3.7463e-05	0.0915596
2445	1	coils	3.7463e-05	0.091597
2446	1	coast	3.7463e-05	0.0916345
2447	1	clubs	3.7463e-05	0.091672
2448	1	closer	3.7463e-05	0.0917094
2449	1	closely	3.7463e-05	0.0917469
2450	1	clinging	3.7463e-05	0.0917844
2451	1	climb	3.7463e-05	0.0918218
2452	1	clearly	3.7463e-05	0.0918593
2453	1	clearer	3.7463e-05	0.0918968
2454	1	cleared	3.7463e-05	0.0919342
2455	1	clean	3.7463e-05	0.0919717
2456	1	classics	3.7463e-05	0.0920091
2457	1	clasped	3.7463e-05	0.0920466
2458	1	clapping	3.7463e-05	0.0920841
2459	1	clamour	3.7463e-05	0.0921215
2460	1	circumstances	3.7463e-05	0.092159
2461	1	circle	3.7463e-05	0.0921965
2462	1	chuckled	3.7463e-05	0.0922339
2463	1	chrysalis	3.7463e-05	0.0922714
2464	1	christmas	3.7463e-05	0.0923088
2465	1	chop	3.7463e-05	0.0923463
2466	1	choosing	3.7463e-05	0.0923838
2467	1	choking	3.7463e-05	0.0924212
2468	1	choke	3.7463e-05	0.0924587
2469	1	chimneys	3.7463e-05	0.0924962
2470	1	childhood	3.7463e-05	0.0925336
2471	1	chief	3.7463e-05	0.0925711
2472	1	cherry	3.7463e-05	0.0926085
2473	1	cheerfully	3.7463e-05	0.092646
2474	1	cheeks	3.7463e-05	0.0926835
2475	1	cheated	3.7463e-05	0.0927209
2476	1	cheap	3.7463e-05	0.0927584
2477	1	chatte	3.7463e-05	0.0927959
2478	1	charges	3.7463e-05	0.0928333
2479	1	character	3.7463e-05	0.0928708
2480	1	chanced	3.7463e-05	0.0929083
2481	1	chair	3.7463e-05	0.0929457
2482	1	chains	3.7463e-05	0.0929832
2483	1	chain	3.7463e-05	0.0930206
2484	1	centre	3.7463e-05	0.0930581
2485	1	ceiling	3.7463e-05	0.0930956
2486	1	cattle	3.7463e-05	0.093133
2487	1	caterpillar's	3.7463e-05	0.0931705
2488	1	cartwheels	3.7463e-05	0.093208
2489	1	cart	3.7463e-05	0.0932454
2490	1	carry	3.7463e-05	0.0932829
2491	1	carroll	3.7463e-05	0.0933203
2492	1	carrier	3.7463e-05	0.0933578
2493	1	cardboard	3.7463e-05	0.0933953
2494	1	capering	3.7463e-05	0.0934327
2495	1	canvas	3.7463e-05	0.0934702
2496	1	canterbury	3.7463e-05	0.0935077
2497	1	cannot	3.7463e-05	0.0935451
2498	1	canary	3.7463e-05	0.0935826
2499	1	camomile	3.7463e-05	0.0936201
2500	1	calmly	3.7463e-05	0.0936575
2501	1	calling	3.7463e-05	0.093695
2502	1	cackled	3.7463e-05	0.0937324
2503	1	c	3.7463e-05	0.0937699
2504	1	buttons	3.7463e-05	0.0938074
2505	1	butterfly	3.7463e-05	0.0938448
2506	1	buttered	3.7463e-05	0.0938823
2507	1	buttercup	3.7463e-05	0.0939198
2508	1	bursting	3.7463e-05	0.0939572
2509	1	burst	3.7463e-05	0.0939947
2510	1	burnt	3.7463e-05	0.0940321
2511	1	burning	3.7463e-05	0.0940696
2512	1	brushing	3.7463e-05	0.0941071
2513	1	brush	3.7463e-05	0.0941445
2514	1	brother's	3.7463e-05	0.094182
2515	1	bristling	3.7463e-05	0.0942195
2516	1	breeze	3.7463e-05	0.0942569
2517	1	brave	3.7463e-05	0.0942944
2518	1	brass	3.7463e-05	0.0943318
2519	1	brandy	3.7463e-05	0.0943693
2520	1	branch	3.7463e-05	0.0944068
2521	1	brain	3.7463e-05	0.0944442
2522	1	boxed	3.7463e-05	0.0944817
2523	1	bowing	3.7463e-05	0.0945192
2524	1	bound	3.7463e-05	0.0945566
2525	1	bough	3.7463e-05	0.0945941
2526	1	bother	3.7463e-05	0.0946316
2527	1	bore	3.7463e-05	0.094669
2528	1	boon	3.7463e-05	0.0947065
2529	1	bones	3.7463e-05	0.0947439
2530	1	bone	3.7463e-05	0.0947814
2531	1	boldly	3.7463e-05	0.0948189
2532	1	blows	3.7463e-05	0.0948563
2533	1	blown	3.7463e-05	0.0948938
2534	1	bleeds	3.7463e-05	0.0949313
2535	1	blame	3.7463e-05	0.0949687
2536	1	blades	3.7463e-05	0.0950062
2537	1	blacking	3.7463e-05	0.0950436
2538	1	bitter	3.7463e-05	0.0950811
2539	1	birthday	3.7463e-05	0.0951186
2540	1	bent	3.7463e-05	0.095156
2541	1	belt	3.7463e-05	0.0951935
2542	1	beloved	3.7463e-05	0.095231
2543	1	belong	3.7463e-05	0.0952684
2544	1	bells	3.7463e-05	0.0953059
2545	1	believed	3.7463e-05	0.0953433
2546	1	beheading	3.7463e-05	0.0953808
2547	1	behead	3.7463e-05	0.0954183
2548	1	begged	3.7463e-05	0.0954557
2549	1	bee	3.7463e-05	0.0954932
2550	1	bed	3.7463e-05	0.0955307
2551	1	becoming	3.7463e-05	0.0955681
2552	1	beautify	3.7463e-05	0.0956056
2553	1	beauti	3.7463e-05	0.0956431
2554	1	beast	3.7463e-05	0.0956805
2555	1	beak	3.7463e-05	0.095718
2556	1	bawled	3.7463e-05	0.0957554
2557	1	bathing	3.7463e-05	0.0957929
2558	1	barley	3.7463e-05	0.0958304
2559	1	barking	3.7463e-05	0.0958678
2560	1	banquet	3.7463e-05	0.0959053
2561	1	banks	3.7463e-05	0.0959428
2562	1	balls	3.7463e-05	0.0959802
2563	1	balanced	3.7463e-05	0.0960177
2564	1	baked	3.7463e-05	0.0960551
2565	1	bag	3.7463e-05	0.0960926
2566	1	backs	3.7463e-05	0.0961301
2567	1	axis	3.7463e-05	0.0961675
2568	1	axes	3.7463e-05	0.096205
2569	1	awfully	3.7463e-05	0.0962425
2570	1	avoid	3.7463e-05	0.0962799
2571	1	australia	3.7463e-05	0.0963174
2572	1	audibly	3.7463e-05	0.0963548
2573	1	attends	3.7463e-05	0.0963923
2574	1	attended	3.7463e-05	0.0964298
2575	1	attempts	3.7463e-05	0.0964672
2576	1	attempted	3.7463e-05	0.0965047
2577	1	attempt	3.7463e-05	0.0965422
2578	1	atheling	3.7463e-05	0.0965796
2579	1	ate	3.7463e-05	0.0966171
2580	1	askance	3.7463e-05	0.0966546
2581	1	arrum	3.7463e-05	0.096692
2582	1	arrow	3.7463e-05	0.0967295
2583	1	arrived	3.7463e-05	0.0967669
2584	1	arranged	3.7463e-05	0.0968044
2585	1	arithmetic	3.7463e-05	0.0968419
2586	1	arguments	3.7463e-05	0.0968793
2587	1	argued	3.7463e-05	0.0969168
2588	1	argue	3.7463e-05	0.0969543
2589	1	arch	3.7463e-05	0.0969917
2590	1	apple	3.7463e-05	0.0970292
2591	1	applause	3.7463e-05	0.0970666
2592	1	appearing	3.7463e-05	0.0971041
2593	1	appearance	3.7463e-05	0.0971416
2594	1	appealed	3.7463e-05	0.097179
2595	1	anywhere	3.7463e-05	0.0972165
2596	1	antipathies	3.7463e-05	0.097254
2597	1	answers	3.7463e-05	0.0972914
2598	1	annoyed	3.7463e-05	0.0973289
2599	1	annoy	3.7463e-05	0.0973664
2600	1	animal's	3.7463e-05	0.0974038
2601	1	animal	3.7463e-05	0.0974413
2602	1	ancient	3.7463e-05	0.0974787
2603	1	ambition	3.7463e-05	0.0975162
2604	1	alternately	3.7463e-05	0.0975537
2605	1	altered	3.7463e-05	0.0975911
2606	1	alarmed	3.7463e-05	0.0976286
2607	1	airs	3.7463e-05	0.0976661
2608	1	ahem	3.7463e-05	0.0977035
2609	1	agony	3.7463e-05	0.097741
2610	1	afore	3.7463e-05	0.0977784
2611	1	afford	3.7463e-05	0.0978159
2612	1	affectionately	3.7463e-05	0.0978534
2613	1	affair	3.7463e-05	0.0978908
2614	1	advise	3.7463e-05	0.0979283
2615	1	adoption	3.7463e-05	0.0979658
2616	1	adjourn	3.7463e-05	0.0980032
2617	1	addressing	3.7463e-05	0.0980407
2618	1	adding	3.7463e-05	0.0980781
2619	1	ada	3.7463e-05	0.0981156
2620	1	actually	3.7463e-05	0.0981531
2621	1	act	3.7463e-05	0.0981905
2622	1	ache	3.7463e-05	0.098228
2623	1	accustomed	3.7463e-05	0.0982655
2624	1	accusation	3.7463e-05	0.0983029
2625	1	accounts	3.7463e-05	0.0983404
2626	1	accounting	3.7463e-05	0.0983779
2627	1	account	3.7463e-05	0.0984153
2628	1	accidentally	3.7463e-05	0.0984528
2629	1	acceptance	3.7463e-05	0.0984902
2630	1	absence	3.7463e-05	0.0985277
2631	1	able	3.7463e-05	0.0985652
2632	1	abide	3.7463e-05	0.0986026
