
                            < M A T L A B (R) >
                  Copyright 1984-2014 The MathWorks, Inc.
                    R2014a (8.3.0.532) 64-bit (glnxa64)
                             February 11, 2014


	This is a Classroom License for instructional use only.
	Research and commercial use is prohibited.
 
To get started, type one of these: helpwin, helpdesk, or demo.
For product information, visit www.mathworks.com.
 
>> [Warning: maxNumCompThreads will be removed in a future release. Please remove
any instances of this function from your code.] 
[> In maxNumCompThreads at 26] 
>> >> >> >> >> >> >> >> >> >> >> >> >> >> >> >> >> >> >> >> >> >> >> >> >> >> >> >> >> >> >> >> >> >> >> >> >> >> >> >> >> >> >> >> >> >> >> >> >> >> >> >> >> >> >> >> >> >> >> >> >> >> >> >> >> >> >> >> >> >> >> >> >>  Iteration   FunEvals     Step Length    Function Val        Opt Cond
         1          5     3.16764e-02     1.15728e+02     9.47821e+03
         2          6     1.00000e+00     9.23311e+01     4.69254e+03
         3          7     1.00000e+00     8.36830e+01     2.16416e+03
         4          8     1.00000e+00     7.89373e+01     1.97183e+03
         5          9     1.00000e+00     7.08745e+01     2.59448e+03
         6         10     1.00000e+00     5.45592e+01     2.77040e+03
         7         11     1.00000e+00     3.42882e+01     6.69383e+02
         8         12     1.00000e+00     3.22458e+01     7.13582e+02
         9         13     1.00000e+00     3.12363e+01     6.10169e+02
        10         14     1.00000e+00     3.02697e+01     3.75574e+02
        11         15     1.00000e+00     2.97655e+01     2.35147e+02
        12         16     1.00000e+00     2.95734e+01     2.13785e+02
        13         17     1.00000e+00     2.95003e+01     1.67242e+02
        14         18     1.00000e+00     2.92564e+01     2.44609e+02
        15         19     1.00000e+00     2.90144e+01     3.50795e+02
        16         20     1.00000e+00     2.85003e+01     4.48276e+02
        17         22     3.48760e-01     2.83385e+01     4.53167e+02
        18         23     1.00000e+00     2.80804e+01     3.02812e+02
        19         24     1.00000e+00     2.78728e+01     1.91993e+02
        20         25     1.00000e+00     2.77645e+01     2.42918e+02
        21         26     1.00000e+00     2.74510e+01     3.27021e+02
        22         27     1.00000e+00     2.68692e+01     4.11061e+02
        23         28     1.00000e+00     2.59375e+01     2.92647e+02
        24         29     1.00000e+00     2.50722e+01     2.63463e+02
        25         30     1.00000e+00     2.49051e+01     3.72279e+02
        26         31     1.00000e+00     2.46232e+01     2.53985e+02
        27         32     1.00000e+00     2.43650e+01     2.05808e+02
        28         33     1.00000e+00     2.38686e+01     2.69580e+02
        29         34     1.00000e+00     2.30506e+01     3.88823e+02
        30         35     1.00000e+00     2.26496e+01     4.52756e+02
        31         36     1.00000e+00     2.19602e+01     3.01839e+02
        32         37     1.00000e+00     2.16753e+01     3.06371e+02
        33         38     1.00000e+00     2.13756e+01     2.27980e+02
        34         39     1.00000e+00     2.11288e+01     2.37754e+02
        35         40     1.00000e+00     2.09148e+01     2.54769e+02
        36         41     1.00000e+00     2.06227e+01     2.99806e+02
        37         42     1.00000e+00     2.02142e+01     3.36012e+02
        38         43     1.00000e+00     1.97057e+01     2.78837e+02
        39         44     1.00000e+00     1.92683e+01     2.01511e+02
        40         45     1.00000e+00     1.90202e+01     2.01515e+02
        41         46     1.00000e+00     1.88896e+01     1.64413e+02
        42         47     1.00000e+00     1.88229e+01     1.57252e+02
        43         48     1.00000e+00     1.86607e+01     1.62919e+02
        44         49     1.00000e+00     1.84550e+01     2.01079e+02
        45         50     1.00000e+00     1.81350e+01     1.85128e+02
        46         51     1.00000e+00     1.77946e+01     2.19149e+02
        47         52     1.00000e+00     1.76086e+01     1.78262e+02
        48         53     1.00000e+00     1.74870e+01     1.17730e+02
        49         54     1.00000e+00     1.74238e+01     1.05890e+02
        50         55     1.00000e+00     1.73556e+01     1.16149e+02
        51         56     1.00000e+00     1.72337e+01     1.25979e+02
        52         57     1.00000e+00     1.71109e+01     1.52561e+02
        53         58     1.00000e+00     1.69623e+01     1.34592e+02
        54         59     1.00000e+00     1.67614e+01     1.50527e+02
        55         60     1.00000e+00     1.66326e+01     1.49988e+02
        56         61     1.00000e+00     1.65105e+01     1.17286e+02
        57         62     1.00000e+00     1.63963e+01     1.09219e+02
        58         63     1.00000e+00     1.63402e+01     1.10980e+02
        59         64     1.00000e+00     1.62681e+01     1.08683e+02
        60         65     1.00000e+00     1.61550e+01     1.20794e+02
        61         66     1.00000e+00     1.60534e+01     1.29062e+02
        62         67     1.00000e+00     1.59485e+01     1.18151e+02
        63         68     1.00000e+00     1.57762e+01     1.18981e+02
        64         69     1.00000e+00     1.57205e+01     1.28940e+02
        65         70     1.00000e+00     1.56472e+01     8.34226e+01
        66         71     1.00000e+00     1.55991e+01     7.64443e+01
        67         72     1.00000e+00     1.55581e+01     8.42575e+01
        68         73     1.00000e+00     1.54822e+01     1.08465e+02
        69         74     1.00000e+00     1.53903e+01     1.30774e+02
        70         75     1.00000e+00     1.52917e+01     1.06609e+02
        71         76     1.00000e+00     1.52018e+01     8.72091e+01
        72         77     1.00000e+00     1.51547e+01     8.92265e+01
        73         78     1.00000e+00     1.50932e+01     8.42713e+01
        74         79     1.00000e+00     1.50165e+01     8.49056e+01
        75         80     1.00000e+00     1.49620e+01     8.80092e+01
        76         81     1.00000e+00     1.49191e+01     7.25246e+01
        77         82     1.00000e+00     1.48781e+01     6.72876e+01
        78         83     1.00000e+00     1.48381e+01     7.49010e+01
        79         84     1.00000e+00     1.47757e+01     8.77474e+01
        80         85     1.00000e+00     1.47139e+01     1.12006e+02
        81         86     1.00000e+00     1.46484e+01     8.45519e+01
        82         87     1.00000e+00     1.45984e+01     6.19927e+01
        83         88     1.00000e+00     1.45624e+01     6.56434e+01
        84         89     1.00000e+00     1.45262e+01     7.63420e+01
        85         90     1.00000e+00     1.44841e+01     7.37302e+01
        86         91     1.00000e+00     1.44474e+01     6.28988e+01
        87         92     1.00000e+00     1.44096e+01     6.20541e+01
        88         93     1.00000e+00     1.43673e+01     7.06794e+01
        89         94     1.00000e+00     1.43248e+01     8.43941e+01
        90         95     1.00000e+00     1.42784e+01     6.46860e+01
        91         96     1.00000e+00     1.42392e+01     6.61681e+01
        92         97     1.00000e+00     1.42189e+01     5.93318e+01
        93         98     1.00000e+00     1.41963e+01     5.19308e+01
        94         99     1.00000e+00     1.41735e+01     6.31925e+01
        95        100     1.00000e+00     1.41401e+01     8.10211e+01
        96        101     1.00000e+00     1.40910e+01     9.32740e+01
        97        102     1.00000e+00     1.40599e+01     1.01763e+02
        98        103     1.00000e+00     1.40266e+01     4.72190e+01
        99        104     1.00000e+00     1.40173e+01     4.00141e+01
       100        105     1.00000e+00     1.40088e+01     5.07828e+01
       101        106     1.00000e+00     1.39923e+01     6.40237e+01
       102        107     1.00000e+00     1.39488e+01     7.90012e+01
       103        108     1.00000e+00     1.38982e+01     8.77488e+01
       104        109     1.00000e+00     1.38717e+01     6.77230e+01
       105        110     1.00000e+00     1.38538e+01     3.81231e+01
       106        111     1.00000e+00     1.38472e+01     3.58260e+01
       107        112     1.00000e+00     1.38381e+01     4.32602e+01
       108        113     1.00000e+00     1.38145e+01     5.17771e+01
       109        114     1.00000e+00     1.37701e+01     6.62798e+01
       110        115     1.00000e+00     1.37584e+01     1.04818e+02
       111        116     1.00000e+00     1.37180e+01     4.17338e+01
       112        117     1.00000e+00     1.37093e+01     3.13432e+01
       113        118     1.00000e+00     1.37061e+01     4.25087e+01
       114        119     1.00000e+00     1.36960e+01     3.88372e+01
       115        120     1.00000e+00     1.36787e+01     4.63820e+01
       116        121     1.00000e+00     1.36499e+01     4.82760e+01
       117        122     1.00000e+00     1.36004e+01     6.26297e+01
       118        124     4.49756e-01     1.35879e+01     4.89700e+01
       119        125     1.00000e+00     1.35793e+01     3.40149e+01
       120        126     1.00000e+00     1.35726e+01     3.57019e+01
       121        127     1.00000e+00     1.35589e+01     4.89231e+01
       122        128     1.00000e+00     1.35334e+01     6.47074e+01
       123        129     1.00000e+00     1.35021e+01     7.48684e+01
       124        130     1.00000e+00     1.34789e+01     6.28652e+01
       125        131     1.00000e+00     1.34629e+01     3.45680e+01
       126        132     1.00000e+00     1.34564e+01     3.45907e+01
       127        133     1.00000e+00     1.34495e+01     3.85461e+01
       128        134     1.00000e+00     1.34310e+01     4.66443e+01
       129        135     1.00000e+00     1.34001e+01     5.80337e+01
       130        136     1.00000e+00     1.33879e+01     9.07623e+01
       131        137     1.00000e+00     1.33600e+01     4.21251e+01
       132        138     1.00000e+00     1.33494e+01     3.19286e+01
       133        139     1.00000e+00     1.33418e+01     3.28526e+01
       134        140     1.00000e+00     1.33317e+01     3.66374e+01
       135        141     1.00000e+00     1.33175e+01     4.96288e+01
       136        142     1.00000e+00     1.32991e+01     5.20773e+01
       137        143     1.00000e+00     1.32759e+01     5.04476e+01
       138        144     1.00000e+00     1.32582e+01     7.06366e+01
       139        145     1.00000e+00     1.32401e+01     3.74651e+01
       140        146     1.00000e+00     1.32337e+01     3.06939e+01
       141        147     1.00000e+00     1.32234e+01     3.36120e+01
       142        148     1.00000e+00     1.32141e+01     3.90957e+01
       143        149     1.00000e+00     1.31938e+01     4.71909e+01
       144        150     1.00000e+00     1.31811e+01     7.87977e+01
       145        151     1.00000e+00     1.31548e+01     4.25235e+01
       146        152     1.00000e+00     1.31457e+01     2.94028e+01
       147        153     1.00000e+00     1.31383e+01     2.81529e+01
       148        154     1.00000e+00     1.31294e+01     3.43310e+01
       149        155     1.00000e+00     1.31150e+01     4.17590e+01
       150        156     1.00000e+00     1.30997e+01     4.81631e+01
       151        157     1.00000e+00     1.30840e+01     4.08728e+01
       152        158     1.00000e+00     1.30712e+01     3.40916e+01
       153        159     1.00000e+00     1.30606e+01     3.59315e+01
       154        160     1.00000e+00     1.30481e+01     3.39432e+01
       155        161     1.00000e+00     1.30362e+01     3.34142e+01
       156        162     1.00000e+00     1.30251e+01     3.73551e+01
       157        163     1.00000e+00     1.30143e+01     3.50097e+01
       158        164     1.00000e+00     1.30001e+01     3.58526e+01
       159        165     1.00000e+00     1.29905e+01     4.43959e+01
       160        166     1.00000e+00     1.29809e+01     3.26570e+01
       161        167     1.00000e+00     1.29671e+01     3.30488e+01
       162        168     1.00000e+00     1.29535e+01     3.46475e+01
       163        169     1.00000e+00     1.29494e+01     6.65116e+01
       164        170     1.00000e+00     1.29338e+01     2.85329e+01
       165        171     1.00000e+00     1.29289e+01     2.44409e+01
       166        172     1.00000e+00     1.29214e+01     2.97311e+01
       167        173     1.00000e+00     1.29116e+01     3.83006e+01
       168        174     1.00000e+00     1.28994e+01     3.60623e+01
       169        175     1.00000e+00     1.28879e+01     2.79324e+01
       170        176     1.00000e+00     1.28744e+01     3.43261e+01
       171        177     1.00000e+00     1.28666e+01     3.91185e+01
       172        178     1.00000e+00     1.28564e+01     3.38213e+01
       173        179     1.00000e+00     1.28476e+01     3.94801e+01
       174        180     1.00000e+00     1.28411e+01     2.92268e+01
       175        181     1.00000e+00     1.28363e+01     2.90475e+01
       176        182     1.00000e+00     1.28203e+01     3.41829e+01
       177        183     1.00000e+00     1.28140e+01     5.97650e+01
       178        184     1.00000e+00     1.28000e+01     3.27890e+01
       179        185     1.00000e+00     1.27920e+01     2.32178e+01
       180        186     1.00000e+00     1.27867e+01     2.67000e+01
       181        187     1.00000e+00     1.27807e+01     3.96510e+01
       182        188     1.00000e+00     1.27720e+01     2.77940e+01
       183        189     1.00000e+00     1.27598e+01     2.76712e+01
       184        190     1.00000e+00     1.27506e+01     3.09336e+01
       185        191     1.00000e+00     1.27405e+01     3.84982e+01
       186        192     1.00000e+00     1.27332e+01     2.73061e+01
       187        193     1.00000e+00     1.27285e+01     2.18052e+01
       188        194     1.00000e+00     1.27233e+01     2.54188e+01
       189        195     1.00000e+00     1.27161e+01     3.00894e+01
       190        196     1.00000e+00     1.27061e+01     3.79781e+01
       191        197     1.00000e+00     1.26978e+01     3.14731e+01
       192        198     1.00000e+00     1.26917e+01     2.29017e+01
       193        199     1.00000e+00     1.26865e+01     2.73901e+01
       194        200     1.00000e+00     1.26800e+01     3.26278e+01
       195        201     1.00000e+00     1.26686e+01     3.90827e+01
       196        202     1.00000e+00     1.26604e+01     3.25123e+01
       197        203     1.00000e+00     1.26546e+01     2.14555e+01
       198        204     1.00000e+00     1.26511e+01     2.06148e+01
       199        205     1.00000e+00     1.26482e+01     2.40314e+01
       200        206     1.00000e+00     1.26386e+01     3.52790e+01
       201        207     1.00000e+00     1.26313e+01     4.42977e+01
       202        208     1.00000e+00     1.26221e+01     2.74083e+01
       203        209     1.00000e+00     1.26168e+01     1.84901e+01
       204        210     1.00000e+00     1.26141e+01     2.06848e+01
       205        211     1.00000e+00     1.26090e+01     2.60411e+01
       206        212     1.00000e+00     1.26005e+01     3.81424e+01
       207        213     1.00000e+00     1.25909e+01     3.81926e+01
       208        214     1.00000e+00     1.25833e+01     2.56417e+01
       209        215     1.00000e+00     1.25791e+01     1.89693e+01
       210        216     1.00000e+00     1.25762e+01     2.23992e+01
       211        217     1.00000e+00     1.25714e+01     2.72427e+01
       212        218     1.00000e+00     1.25623e+01     3.51090e+01
       213        219     1.00000e+00     1.25555e+01     3.27425e+01
       214        220     1.00000e+00     1.25499e+01     1.91623e+01
       215        221     1.00000e+00     1.25469e+01     1.96721e+01
       216        222     1.00000e+00     1.25442e+01     2.28852e+01
       217        223     1.00000e+00     1.25376e+01     3.08627e+01
       218        224     1.00000e+00     1.25330e+01     3.70569e+01
       219        225     1.00000e+00     1.25271e+01     2.16454e+01
       220        226     1.00000e+00     1.25234e+01     1.73523e+01
       221        227     1.00000e+00     1.25208e+01     2.05323e+01
       222        228     1.00000e+00     1.25156e+01     2.78490e+01
       223        229     1.00000e+00     1.25101e+01     3.51312e+01
       224        230     1.00000e+00     1.25037e+01     2.81196e+01
       225        231     1.00000e+00     1.24981e+01     2.01338e+01
       226        232     1.00000e+00     1.24954e+01     1.93876e+01
       227        233     1.00000e+00     1.24930e+01     1.88722e+01
       228        234     1.00000e+00     1.24867e+01     2.22462e+01
       229        235     1.00000e+00     1.24811e+01     2.79537e+01
       230        236     1.00000e+00     1.24759e+01     2.14368e+01
       231        237     1.00000e+00     1.24728e+01     1.55559e+01
       232        238     1.00000e+00     1.24702e+01     1.70484e+01
       233        239     1.00000e+00     1.24672e+01     2.01721e+01
       234        240     1.00000e+00     1.24600e+01     2.44950e+01
       235        242     5.09549e-01     1.24560e+01     2.75304e+01
       236        243     1.00000e+00     1.24509e+01     1.88374e+01
       237        244     1.00000e+00     1.24481e+01     1.69856e+01
       238        245     1.00000e+00     1.24458e+01     1.83179e+01
       239        246     1.00000e+00     1.24422e+01     1.93958e+01
       240        247     1.00000e+00     1.24389e+01     4.00717e+01
       241        248     1.00000e+00     1.24322e+01     1.91632e+01
       242        249     1.00000e+00     1.24303e+01     1.51694e+01
       243        250     1.00000e+00     1.24273e+01     1.46078e+01
       244        251     1.00000e+00     1.24245e+01     2.10842e+01
       245        252     1.00000e+00     1.24213e+01     2.05890e+01
       246        253     1.00000e+00     1.24178e+01     2.03100e+01
       247        254     1.00000e+00     1.24151e+01     2.24445e+01
       248        255     1.00000e+00     1.24118e+01     1.75041e+01
       249        256     1.00000e+00     1.24068e+01     1.81503e+01
       250        257     1.00000e+00     1.24041e+01     2.21917e+01
       251        258     1.00000e+00     1.24013e+01     2.08530e+01
       252        259     1.00000e+00     1.23980e+01     1.79848e+01
       253        260     1.00000e+00     1.23942e+01     1.96165e+01
       254        261     1.00000e+00     1.23920e+01     1.93778e+01
       255        262     1.00000e+00     1.23899e+01     1.77925e+01
       256        263     1.00000e+00     1.23859e+01     1.71281e+01
       257        264     1.00000e+00     1.23835e+01     2.20403e+01
       258        265     1.00000e+00     1.23809e+01     1.57888e+01
       259        266     1.00000e+00     1.23789e+01     1.42090e+01
       260        267     1.00000e+00     1.23769e+01     1.74794e+01
       261        268     1.00000e+00     1.23732e+01     2.18016e+01
       262        269     1.00000e+00     1.23695e+01     2.65374e+01
       263        270     1.00000e+00     1.23658e+01     2.00914e+01
       264        271     1.00000e+00     1.23634e+01     1.50336e+01
       265        272     1.00000e+00     1.23620e+01     1.37302e+01
       266        273     1.00000e+00     1.23606e+01     1.52434e+01
       267        274     1.00000e+00     1.23582e+01     1.89552e+01
       268        275     1.00000e+00     1.23557e+01     1.97458e+01
       269        276     1.00000e+00     1.23529e+01     1.64750e+01
       270        277     1.00000e+00     1.23497e+01     1.50209e+01
       271        278     1.00000e+00     1.23480e+01     1.63030e+01
       272        279     1.00000e+00     1.23463e+01     1.40545e+01
       273        280     1.00000e+00     1.23441e+01     1.42507e+01
       274        281     1.00000e+00     1.23419e+01     1.61907e+01
       275        282     1.00000e+00     1.23388e+01     1.72955e+01
       276        283     1.00000e+00     1.23373e+01     2.52161e+01
       277        284     1.00000e+00     1.23349e+01     1.30484e+01
       278        285     1.00000e+00     1.23341e+01     1.12489e+01
       279        286     1.00000e+00     1.23323e+01     1.30199e+01
       280        287     1.00000e+00     1.23298e+01     1.65857e+01
       281        288     1.00000e+00     1.23281e+01     2.42984e+01
       282        289     1.00000e+00     1.23257e+01     1.32222e+01
       283        290     1.00000e+00     1.23247e+01     1.06828e+01
       284        291     1.00000e+00     1.23238e+01     1.22872e+01
       285        292     1.00000e+00     1.23220e+01     1.64011e+01
       286        293     1.00000e+00     1.23194e+01     2.07211e+01
       287        294     1.00000e+00     1.23169e+01     2.25320e+01
       288        295     1.00000e+00     1.23148e+01     1.58892e+01
       289        296     1.00000e+00     1.23134e+01     1.31128e+01
       290        297     1.00000e+00     1.23124e+01     1.32774e+01
       291        298     1.00000e+00     1.23104e+01     1.50534e+01
       292        299     1.00000e+00     1.23091e+01     1.93305e+01
       293        300     1.00000e+00     1.23077e+01     1.44260e+01
       294        301     1.00000e+00     1.23066e+01     1.16478e+01
       295        302     1.00000e+00     1.23055e+01     1.29929e+01
       296        303     1.00000e+00     1.23038e+01     1.62364e+01
       297        304     1.00000e+00     1.23020e+01     1.46179e+01
       298        305     1.00000e+00     1.23000e+01     1.26343e+01
       299        306     1.00000e+00     1.22983e+01     1.36766e+01
       300        307     1.00000e+00     1.22970e+01     1.29334e+01
       301        308     1.00000e+00     1.22959e+01     1.00755e+01
       302        309     1.00000e+00     1.22947e+01     1.19094e+01
       303        310     1.00000e+00     1.22935e+01     1.31311e+01
       304        311     1.00000e+00     1.22917e+01     1.27730e+01
       305        313     4.42155e-01     1.22905e+01     1.68791e+01
       306        314     1.00000e+00     1.22888e+01     1.03721e+01
       307        315     1.00000e+00     1.22879e+01     1.07453e+01
       308        316     1.00000e+00     1.22864e+01     1.31254e+01
       309        317     1.00000e+00     1.22847e+01     1.62802e+01
       310        318     1.00000e+00     1.22828e+01     1.26491e+01
       311        319     1.00000e+00     1.22815e+01     9.95329e+00
       312        320     1.00000e+00     1.22809e+01     1.12856e+01
       313        321     1.00000e+00     1.22801e+01     1.25321e+01
       314        322     1.00000e+00     1.22781e+01     1.44502e+01
       315        323     1.00000e+00     1.22770e+01     1.94593e+01
       316        324     1.00000e+00     1.22754e+01     9.95246e+00
       317        325     1.00000e+00     1.22747e+01     9.17179e+00
       318        326     1.00000e+00     1.22742e+01     1.03838e+01
       319        327     1.00000e+00     1.22728e+01     1.26804e+01
       320        328     1.00000e+00     1.22716e+01     1.82295e+01
       321        329     1.00000e+00     1.22698e+01     1.16604e+01
       322        330     1.00000e+00     1.22688e+01     8.51956e+00
       323        331     1.00000e+00     1.22682e+01     9.16232e+00
       324        332     1.00000e+00     1.22676e+01     1.05918e+01
       325        333     1.00000e+00     1.22665e+01     1.23621e+01
       326        334     1.00000e+00     1.22649e+01     1.32656e+01
       327        335     1.00000e+00     1.22640e+01     1.30592e+01
       328        336     1.00000e+00     1.22632e+01     7.50428e+00
       329        337     1.00000e+00     1.22629e+01     7.42493e+00
       330        338     1.00000e+00     1.22624e+01     9.00130e+00
       331        339     1.00000e+00     1.22610e+01     1.27959e+01
       332        340     1.00000e+00     1.22595e+01     1.49785e+01
       333        341     1.00000e+00     1.22580e+01     1.21157e+01
       334        342     1.00000e+00     1.22572e+01     8.12229e+00
       335        343     1.00000e+00     1.22567e+01     8.51034e+00
       336        344     1.00000e+00     1.22564e+01     8.47858e+00
       337        345     1.00000e+00     1.22553e+01     9.92366e+00
       338        346     1.00000e+00     1.22539e+01     1.23462e+01
       339        347     1.00000e+00     1.22528e+01     9.91370e+00
       340        348     1.00000e+00     1.22523e+01     7.16095e+00
       341        349     1.00000e+00     1.22519e+01     7.04724e+00
       342        350     1.00000e+00     1.22514e+01     7.78387e+00
       343        351     1.00000e+00     1.22500e+01     1.22329e+01
       344        352     1.00000e+00     1.22491e+01     1.44876e+01
       345        353     1.00000e+00     1.22482e+01     9.55254e+00
       346        354     1.00000e+00     1.22476e+01     7.07965e+00
       347        355     1.00000e+00     1.22473e+01     7.43606e+00
       348        356     1.00000e+00     1.22464e+01     9.68320e+00
       349        357     1.00000e+00     1.22457e+01     1.16107e+01
       350        358     1.00000e+00     1.22450e+01     8.61632e+00
       351        359     1.00000e+00     1.22443e+01     8.22978e+00
       352        360     1.00000e+00     1.22438e+01     9.20958e+00
       353        361     1.00000e+00     1.22429e+01     1.01636e+01
       354        362     1.00000e+00     1.22424e+01     1.12594e+01
       355        363     1.00000e+00     1.22418e+01     7.36588e+00
       356        364     1.00000e+00     1.22413e+01     7.40452e+00
       357        365     1.00000e+00     1.22408e+01     9.02746e+00
       358        366     1.00000e+00     1.22398e+01     1.03109e+01
       359        368     3.36328e-01     1.22394e+01     1.14996e+01
       360        369     1.00000e+00     1.22387e+01     8.02696e+00
       361        370     1.00000e+00     1.22381e+01     6.67252e+00
       362        371     1.00000e+00     1.22374e+01     9.00816e+00
       363        372     1.00000e+00     1.22367e+01     9.88415e+00
       364        373     1.00000e+00     1.22365e+01     1.69549e+01
       365        374     1.00000e+00     1.22355e+01     7.80046e+00
       366        375     1.00000e+00     1.22352e+01     5.47909e+00
       367        376     1.00000e+00     1.22348e+01     7.40257e+00
       368        377     1.00000e+00     1.22343e+01     9.52886e+00
       369        378     1.00000e+00     1.22335e+01     1.02591e+01
       370        380     3.50853e-01     1.22330e+01     1.07636e+01
       371        381     1.00000e+00     1.22324e+01     7.22105e+00
       372        382     1.00000e+00     1.22318e+01     6.44527e+00
       373        383     1.00000e+00     1.22314e+01     7.83745e+00
       374        384     1.00000e+00     1.22307e+01     1.05293e+01
       375        385     1.00000e+00     1.22301e+01     9.51657e+00
       376        386     1.00000e+00     1.22296e+01     6.15546e+00
       377        387     1.00000e+00     1.22291e+01     6.93665e+00
       378        388     1.00000e+00     1.22288e+01     8.09755e+00
       379        389     1.00000e+00     1.22280e+01     9.72628e+00
       380        390     1.00000e+00     1.22277e+01     1.36877e+01
       381        391     1.00000e+00     1.22270e+01     7.10476e+00
       382        392     1.00000e+00     1.22267e+01     5.56443e+00
       383        393     1.00000e+00     1.22264e+01     6.77693e+00
       384        394     1.00000e+00     1.22259e+01     8.40328e+00
       385        395     1.00000e+00     1.22251e+01     1.07355e+01
       386        396     1.00000e+00     1.22246e+01     1.41276e+01
       387        397     1.00000e+00     1.22238e+01     6.68416e+00
       388        398     1.00000e+00     1.22234e+01     5.32332e+00
       389        399     1.00000e+00     1.22232e+01     6.45077e+00
       390        400     1.00000e+00     1.22227e+01     8.29674e+00
       391        401     1.00000e+00     1.22221e+01     9.14309e+00
       392        402     1.00000e+00     1.22214e+01     7.49262e+00
       393        403     1.00000e+00     1.22209e+01     8.49238e+00
       394        404     1.00000e+00     1.22206e+01     6.84601e+00
       395        405     1.00000e+00     1.22204e+01     6.73946e+00
       396        406     1.00000e+00     1.22198e+01     7.44057e+00
       397        407     1.00000e+00     1.22194e+01     1.08310e+01
       398        408     1.00000e+00     1.22188e+01     6.95976e+00
       399        409     1.00000e+00     1.22184e+01     5.10661e+00
       400        410     1.00000e+00     1.22181e+01     6.28360e+00
Exceeded Maximum Number of Iterations
>> >> >> >> >> >> >> >> >> >> >> >> >> >> >> >> >> >> >> >> >> >> >> >> >> >> >> >>  Iteration   FunEvals     Step Length    Function Val        Opt Cond
         1          5     1.39907e-01     1.26379e+02     4.41302e+03
         2          6     1.00000e+00     2.67742e+01     1.32101e+03
         3          7     1.00000e+00     1.49358e+01     6.11288e+02
         4          8     1.00000e+00     1.03212e+01     2.16764e+02
         5          9     1.00000e+00     7.96047e+00     1.80462e+02
         6         10     1.00000e+00     6.28195e+00     5.11841e+01
         7         11     1.00000e+00     5.85549e+00     4.20459e+01
         8         13     3.72570e-01     5.73568e+00     3.55659e+01
         9         14     1.00000e+00     5.66234e+00     2.03842e+01
        10         15     1.00000e+00     5.62650e+00     1.65523e+01
        11         16     1.00000e+00     5.58162e+00     2.22493e+01
        12         17     1.00000e+00     5.49248e+00     3.56162e+01
        13         18     1.00000e+00     5.37170e+00     3.36092e+01
        14         19     1.00000e+00     5.13634e+00     4.05300e+01
        15         21     4.02838e-01     5.05065e+00     4.64002e+01
        16         22     1.00000e+00     4.91145e+00     2.33486e+01
        17         23     1.00000e+00     4.88081e+00     2.04753e+01
        18         24     1.00000e+00     4.86048e+00     1.75651e+01
        19         25     1.00000e+00     4.83997e+00     1.74325e+01
        20         26     1.00000e+00     4.79699e+00     1.60615e+01
        21         28     4.28202e-01     4.77935e+00     1.92942e+01
        22         29     1.00000e+00     4.75644e+00     1.25483e+01
        23         30     1.00000e+00     4.74363e+00     1.00266e+01
        24         31     1.00000e+00     4.72853e+00     1.38119e+01
        25         32     1.00000e+00     4.70107e+00     1.96399e+01
        26         33     1.00000e+00     4.66472e+00     2.14955e+01
        27         34     1.00000e+00     4.62852e+00     1.78482e+01
        28         35     1.00000e+00     4.61045e+00     1.88058e+01
        29         36     1.00000e+00     4.59664e+00     1.18960e+01
        30         37     1.00000e+00     4.58643e+00     1.17369e+01
        31         38     1.00000e+00     4.56412e+00     1.54466e+01
        32         39     1.00000e+00     4.54344e+00     2.17261e+01
        33         40     1.00000e+00     4.52304e+00     1.29242e+01
        34         41     1.00000e+00     4.50989e+00     1.12608e+01
        35         42     1.00000e+00     4.49220e+00     1.69129e+01
        36         43     1.00000e+00     4.46317e+00     2.23269e+01
        37         44     1.00000e+00     4.42566e+00     2.85626e+01
        38         45     1.00000e+00     4.39610e+00     2.38809e+01
        39         46     1.00000e+00     4.36829e+00     1.34161e+01
        40         47     1.00000e+00     4.34898e+00     1.59819e+01
        41         48     1.00000e+00     4.33351e+00     1.63664e+01
        42         49     1.00000e+00     4.30693e+00     1.75748e+01
        43         50     1.00000e+00     4.28401e+00     1.36203e+01
        44         51     1.00000e+00     4.27051e+00     1.24118e+01
        45         52     1.00000e+00     4.25042e+00     1.32515e+01
        46         53     1.00000e+00     4.21809e+00     2.29350e+01
        47         54     1.00000e+00     4.18113e+00     1.68971e+01
        48         55     1.00000e+00     4.15439e+00     1.41471e+01
        49         56     1.00000e+00     4.13382e+00     1.65994e+01
        50         57     1.00000e+00     4.11858e+00     1.61683e+01
        51         58     1.00000e+00     4.10566e+00     1.10931e+01
        52         59     1.00000e+00     4.08333e+00     1.05126e+01
        53         60     1.00000e+00     4.07219e+00     1.54819e+01
        54         61     1.00000e+00     4.05973e+00     1.07003e+01
        55         62     1.00000e+00     4.04480e+00     1.04684e+01
        56         63     1.00000e+00     4.02470e+00     1.41666e+01
        57         64     1.00000e+00     4.00254e+00     1.92990e+01
        58         65     1.00000e+00     3.98323e+00     1.51830e+01
        59         66     1.00000e+00     3.97071e+00     1.03040e+01
        60         67     1.00000e+00     3.96205e+00     8.44927e+00
        61         68     1.00000e+00     3.95620e+00     8.90921e+00
        62         69     1.00000e+00     3.94339e+00     1.13981e+01
        63         70     1.00000e+00     3.93236e+00     1.58892e+01
        64         71     1.00000e+00     3.91981e+00     1.14146e+01
        65         72     1.00000e+00     3.90809e+00     9.91318e+00
        66         73     1.00000e+00     3.89514e+00     1.09867e+01
        67         74     1.00000e+00     3.88610e+00     2.13047e+01
        68         75     1.00000e+00     3.86906e+00     1.29403e+01
        69         76     1.00000e+00     3.85613e+00     8.96984e+00
        70         77     1.00000e+00     3.84793e+00     7.56770e+00
        71         78     1.00000e+00     3.84246e+00     1.17479e+01
        72         79     1.00000e+00     3.83527e+00     8.41096e+00
        73         80     1.00000e+00     3.82537e+00     9.46652e+00
        74         81     1.00000e+00     3.81566e+00     1.08064e+01
        75         82     1.00000e+00     3.81011e+00     1.76493e+01
        76         83     1.00000e+00     3.79851e+00     8.27625e+00
        77         84     1.00000e+00     3.79275e+00     7.59951e+00
        78         85     1.00000e+00     3.78686e+00     9.67815e+00
        79         86     1.00000e+00     3.78069e+00     1.00044e+01
        80         87     1.00000e+00     3.77515e+00     8.84638e+00
        81         88     1.00000e+00     3.77093e+00     5.07525e+00
        82         89     1.00000e+00     3.76819e+00     5.69243e+00
        83         90     1.00000e+00     3.76423e+00     7.40744e+00
        84         91     1.00000e+00     3.75606e+00     1.06677e+01
        85         92     1.00000e+00     3.75061e+00     1.31670e+01
        86         93     1.00000e+00     3.74254e+00     6.70917e+00
        87         94     1.00000e+00     3.73765e+00     5.09780e+00
        88         95     1.00000e+00     3.73512e+00     5.70332e+00
        89         96     1.00000e+00     3.73043e+00     7.74417e+00
        90         97     1.00000e+00     3.72652e+00     6.53651e+00
        91         98     1.00000e+00     3.72388e+00     4.43372e+00
        92         99     1.00000e+00     3.72099e+00     4.99030e+00
        93        100     1.00000e+00     3.71855e+00     5.96021e+00
        94        101     1.00000e+00     3.71144e+00     7.99826e+00
        95        102     1.00000e+00     3.71043e+00     1.50550e+01
        96        103     1.00000e+00     3.70147e+00     6.28400e+00
        97        104     1.00000e+00     3.69919e+00     3.63948e+00
        98        105     1.00000e+00     3.69754e+00     3.60126e+00
        99        106     1.00000e+00     3.69518e+00     5.86647e+00
       100        107     1.00000e+00     3.69170e+00     5.21941e+00
       101        108     1.00000e+00     3.68852e+00     6.78358e+00
       102        109     1.00000e+00     3.68480e+00     4.70498e+00
       103        110     1.00000e+00     3.68204e+00     5.01164e+00
       104        111     1.00000e+00     3.67843e+00     6.03978e+00
       105        112     1.00000e+00     3.67530e+00     6.61044e+00
       106        113     1.00000e+00     3.67311e+00     4.58330e+00
       107        114     1.00000e+00     3.67204e+00     2.95296e+00
       108        115     1.00000e+00     3.67128e+00     3.33772e+00
       109        116     1.00000e+00     3.66974e+00     4.63243e+00
       110        117     1.00000e+00     3.66692e+00     6.39089e+00
       111        118     1.00000e+00     3.66450e+00     7.97473e+00
       112        119     1.00000e+00     3.66186e+00     4.39975e+00
       113        120     1.00000e+00     3.66024e+00     3.66007e+00
       114        121     1.00000e+00     3.65932e+00     5.17353e+00
       115        122     1.00000e+00     3.65792e+00     4.35938e+00
       116        123     1.00000e+00     3.65523e+00     4.28880e+00
       117        124     1.00000e+00     3.65429e+00     4.82001e+00
       118        125     1.00000e+00     3.65352e+00     3.08615e+00
       119        126     1.00000e+00     3.65252e+00     3.14877e+00
       120        127     1.00000e+00     3.65099e+00     4.20146e+00
       121        128     1.00000e+00     3.64817e+00     5.25642e+00
       122        130     3.93229e-01     3.64697e+00     5.78390e+00
       123        131     1.00000e+00     3.64491e+00     3.89170e+00
       124        132     1.00000e+00     3.64374e+00     2.46122e+00
       125        133     1.00000e+00     3.64297e+00     3.24934e+00
       126        134     1.00000e+00     3.64189e+00     3.92498e+00
       127        135     1.00000e+00     3.64024e+00     4.82654e+00
       128        136     1.00000e+00     3.63883e+00     4.37043e+00
       129        137     1.00000e+00     3.63772e+00     2.61552e+00
       130        138     1.00000e+00     3.63690e+00     3.21973e+00
       131        139     1.00000e+00     3.63562e+00     4.22169e+00
       132        140     1.00000e+00     3.63388e+00     4.56800e+00
       133        141     1.00000e+00     3.63273e+00     4.35130e+00
       134        142     1.00000e+00     3.63188e+00     2.26711e+00
       135        143     1.00000e+00     3.63148e+00     2.36253e+00
       136        144     1.00000e+00     3.63091e+00     2.92291e+00
       137        145     1.00000e+00     3.62967e+00     4.09308e+00
       138        146     1.00000e+00     3.62851e+00     4.59794e+00
       139        147     1.00000e+00     3.62741e+00     2.82102e+00
       140        148     1.00000e+00     3.62661e+00     2.52161e+00
       141        149     1.00000e+00     3.62604e+00     2.85618e+00
       142        150     1.00000e+00     3.62497e+00     3.83067e+00
       143        151     1.00000e+00     3.62414e+00     3.24776e+00
       144        152     1.00000e+00     3.62358e+00     2.18662e+00
       145        153     1.00000e+00     3.62307e+00     2.19407e+00
       146        154     1.00000e+00     3.62263e+00     2.47299e+00
       147        155     1.00000e+00     3.62140e+00     3.42280e+00
       148        156     1.00000e+00     3.62062e+00     4.79927e+00
       149        157     1.00000e+00     3.61961e+00     2.53639e+00
       150        158     1.00000e+00     3.61913e+00     1.84644e+00
       151        159     1.00000e+00     3.61883e+00     1.84458e+00
       152        160     1.00000e+00     3.61835e+00     3.29369e+00
       153        161     1.00000e+00     3.61773e+00     2.40841e+00
       154        162     1.00000e+00     3.61708e+00     2.35447e+00
       155        163     1.00000e+00     3.61649e+00     2.65758e+00
       156        164     1.00000e+00     3.61621e+00     4.62837e+00
       157        165     1.00000e+00     3.61542e+00     2.48718e+00
       158        166     1.00000e+00     3.61477e+00     1.91603e+00
       159        167     1.00000e+00     3.61420e+00     2.19727e+00
       160        169     4.47778e-01     3.61395e+00     2.62202e+00
       161        170     1.00000e+00     3.61357e+00     1.92782e+00
       162        171     1.00000e+00     3.61315e+00     1.69107e+00
       163        172     1.00000e+00     3.61267e+00     2.42047e+00
       164        173     1.00000e+00     3.61219e+00     3.11887e+00
       165        174     1.00000e+00     3.61165e+00     2.60768e+00
       166        175     1.00000e+00     3.61103e+00     2.18032e+00
       167        176     1.00000e+00     3.61066e+00     2.33340e+00
       168        177     1.00000e+00     3.61020e+00     2.27799e+00
       169        178     1.00000e+00     3.60993e+00     2.26525e+00
       170        179     1.00000e+00     3.60970e+00     1.61001e+00
       171        180     1.00000e+00     3.60941e+00     1.74369e+00
       172        181     1.00000e+00     3.60914e+00     2.08222e+00
       173        182     1.00000e+00     3.60870e+00     2.60945e+00
       174        183     1.00000e+00     3.60840e+00     2.72969e+00
       175        184     1.00000e+00     3.60807e+00     1.69000e+00
       176        185     1.00000e+00     3.60777e+00     1.41418e+00
       177        186     1.00000e+00     3.60753e+00     1.64300e+00
       178        187     1.00000e+00     3.60717e+00     2.23507e+00
       179        188     1.00000e+00     3.60687e+00     1.91668e+00
       180        189     1.00000e+00     3.60665e+00     1.31303e+00
       181        190     1.00000e+00     3.60633e+00     1.65182e+00
       182        191     1.00000e+00     3.60609e+00     1.91894e+00
       183        192     1.00000e+00     3.60574e+00     2.35366e+00
       184        193     1.00000e+00     3.60546e+00     1.77874e+00
       185        194     1.00000e+00     3.60528e+00     1.41762e+00
       186        195     1.00000e+00     3.60505e+00     1.55977e+00
       187        196     1.00000e+00     3.60479e+00     1.96050e+00
       188        197     1.00000e+00     3.60449e+00     1.70024e+00
       189        198     1.00000e+00     3.60426e+00     1.56467e+00
       190        199     1.00000e+00     3.60406e+00     1.55699e+00
       191        200     1.00000e+00     3.60386e+00     1.58092e+00
       192        201     1.00000e+00     3.60362e+00     2.27251e+00
       193        202     1.00000e+00     3.60336e+00     1.45365e+00
       194        203     1.00000e+00     3.60323e+00     1.28235e+00
       195        204     1.00000e+00     3.60302e+00     1.52619e+00
       196        205     1.00000e+00     3.60273e+00     2.13829e+00
       197        206     1.00000e+00     3.60239e+00     1.74321e+00
       198        207     1.00000e+00     3.60211e+00     1.47653e+00
       199        208     1.00000e+00     3.60197e+00     1.56587e+00
       200        209     1.00000e+00     3.60185e+00     1.31295e+00
       201        210     1.00000e+00     3.60161e+00     1.16184e+00
       202        211     1.00000e+00     3.60148e+00     1.81827e+00
       203        212     1.00000e+00     3.60131e+00     1.37682e+00
       204        213     1.00000e+00     3.60113e+00     1.32237e+00
       205        214     1.00000e+00     3.60091e+00     1.61108e+00
       206        215     1.00000e+00     3.60069e+00     1.85808e+00
       207        216     1.00000e+00     3.60048e+00     1.87201e+00
       208        217     1.00000e+00     3.60030e+00     1.28223e+00
       209        218     1.00000e+00     3.60015e+00     1.16899e+00
       210        219     1.00000e+00     3.60003e+00     1.26113e+00
       211        220     1.00000e+00     3.59989e+00     1.75779e+00
       212        221     1.00000e+00     3.59975e+00     1.33237e+00
       213        222     1.00000e+00     3.59962e+00     1.19631e+00
       214        223     1.00000e+00     3.59944e+00     1.40567e+00
       215        224     1.00000e+00     3.59928e+00     1.78692e+00
       216        225     1.00000e+00     3.59910e+00     1.59111e+00
       217        226     1.00000e+00     3.59892e+00     1.39122e+00
       218        227     1.00000e+00     3.59879e+00     1.55752e+00
       219        228     1.00000e+00     3.59870e+00     1.12896e+00
       220        229     1.00000e+00     3.59858e+00     1.18757e+00
       221        230     1.00000e+00     3.59846e+00     1.33259e+00
       222        231     1.00000e+00     3.59832e+00     1.45589e+00
       223        232     1.00000e+00     3.59821e+00     1.81884e+00
       224        233     1.00000e+00     3.59805e+00     1.18864e+00
       225        234     1.00000e+00     3.59793e+00     1.06972e+00
       226        235     1.00000e+00     3.59782e+00     1.26772e+00
       227        236     1.00000e+00     3.59767e+00     1.66709e+00
       228        237     1.00000e+00     3.59750e+00     1.53609e+00
       229        238     1.00000e+00     3.59737e+00     1.15345e+00
       230        239     1.00000e+00     3.59723e+00     1.23782e+00
       231        240     1.00000e+00     3.59711e+00     1.34562e+00
       232        241     1.00000e+00     3.59694e+00     1.33345e+00
       233        242     1.00000e+00     3.59683e+00     1.67189e+00
       234        243     1.00000e+00     3.59670e+00     1.05803e+00
       235        244     1.00000e+00     3.59662e+00     9.51596e-01
       236        245     1.00000e+00     3.59651e+00     1.08730e+00
       237        246     1.00000e+00     3.59635e+00     1.60245e+00
       238        247     1.00000e+00     3.59618e+00     1.39338e+00
       239        248     1.00000e+00     3.59603e+00     1.05952e+00
       240        249     1.00000e+00     3.59590e+00     1.09055e+00
       241        250     1.00000e+00     3.59581e+00     1.10286e+00
       242        251     1.00000e+00     3.59569e+00     1.00076e+00
       243        252     1.00000e+00     3.59556e+00     1.37492e+00
       244        253     1.00000e+00     3.59544e+00     1.15088e+00
       245        254     1.00000e+00     3.59533e+00     1.01494e+00
       246        255     1.00000e+00     3.59518e+00     1.27068e+00
       247        256     1.00000e+00     3.59514e+00     1.94137e+00
       248        257     1.00000e+00     3.59498e+00     1.08932e+00
       249        258     1.00000e+00     3.59486e+00     7.91594e-01
       250        259     1.00000e+00     3.59471e+00     1.03930e+00
       251        260     1.00000e+00     3.59463e+00     1.39416e+00
       252        261     1.00000e+00     3.59452e+00     9.78257e-01
       253        262     1.00000e+00     3.59445e+00     8.24945e-01
       254        263     1.00000e+00     3.59431e+00     1.11013e+00
       255        264     1.00000e+00     3.59419e+00     1.24603e+00
       256        265     1.00000e+00     3.59412e+00     1.90407e+00
       257        266     1.00000e+00     3.59396e+00     1.07972e+00
       258        267     1.00000e+00     3.59389e+00     9.50353e-01
       259        268     1.00000e+00     3.59377e+00     1.01932e+00
       260        269     1.00000e+00     3.59366e+00     1.04119e+00
       261        271     4.85461e-01     3.59360e+00     1.26945e+00
       262        272     1.00000e+00     3.59350e+00     8.67023e-01
       263        273     1.00000e+00     3.59342e+00     9.06450e-01
       264        274     1.00000e+00     3.59331e+00     1.11185e+00
       265        275     1.00000e+00     3.59319e+00     1.25760e+00
       266        276     1.00000e+00     3.59313e+00     1.69183e+00
       267        277     1.00000e+00     3.59301e+00     8.16908e-01
       268        278     1.00000e+00     3.59295e+00     7.74188e-01
       269        279     1.00000e+00     3.59289e+00     9.74536e-01
       270        280     1.00000e+00     3.59279e+00     1.18906e+00
       271        281     1.00000e+00     3.59269e+00     1.25307e+00
       272        282     1.00000e+00     3.59260e+00     7.09675e-01
       273        283     1.00000e+00     3.59255e+00     7.40712e-01
       274        284     1.00000e+00     3.59249e+00     8.77581e-01
       275        285     1.00000e+00     3.59240e+00     9.85127e-01
       276        286     1.00000e+00     3.59233e+00     1.15611e+00
       277        287     1.00000e+00     3.59226e+00     7.88348e-01
       278        288     1.00000e+00     3.59220e+00     8.35680e-01
       279        289     1.00000e+00     3.59215e+00     8.94237e-01
       280        290     1.00000e+00     3.59207e+00     1.07856e+00
       281        291     1.00000e+00     3.59200e+00     8.88536e-01
       282        292     1.00000e+00     3.59195e+00     6.24709e-01
       283        293     1.00000e+00     3.59190e+00     7.78786e-01
       284        294     1.00000e+00     3.59185e+00     8.38662e-01
       285        295     1.00000e+00     3.59176e+00     9.91796e-01
       286        296     1.00000e+00     3.59172e+00     1.18899e+00
       287        297     1.00000e+00     3.59167e+00     6.27643e-01
       288        298     1.00000e+00     3.59164e+00     5.50932e-01
       289        299     1.00000e+00     3.59160e+00     6.84159e-01
       290        300     1.00000e+00     3.59153e+00     8.86453e-01
       291        301     1.00000e+00     3.59149e+00     1.24934e+00
       292        302     1.00000e+00     3.59142e+00     6.09132e-01
       293        303     1.00000e+00     3.59139e+00     5.24472e-01
       294        304     1.00000e+00     3.59135e+00     7.05618e-01
       295        305     1.00000e+00     3.59130e+00     7.92097e-01
       296        306     1.00000e+00     3.59125e+00     1.11671e+00
       297        307     1.00000e+00     3.59120e+00     7.12745e-01
       298        308     1.00000e+00     3.59117e+00     5.95083e-01
       299        309     1.00000e+00     3.59113e+00     6.60187e-01
       300        310     1.00000e+00     3.59108e+00     8.06703e-01
       301        311     1.00000e+00     3.59102e+00     9.99703e-01
       302        312     1.00000e+00     3.59097e+00     7.47728e-01
       303        313     1.00000e+00     3.59094e+00     5.96690e-01
       304        314     1.00000e+00     3.59091e+00     5.95747e-01
       305        315     1.00000e+00     3.59087e+00     7.26531e-01
       306        316     1.00000e+00     3.59080e+00     7.28289e-01
       307        317     1.00000e+00     3.59075e+00     7.24991e-01
       308        318     1.00000e+00     3.59070e+00     7.31560e-01
       309        319     1.00000e+00     3.59066e+00     6.50820e-01
       310        320     1.00000e+00     3.59061e+00     5.96776e-01
       311        321     1.00000e+00     3.59057e+00     1.08199e+00
       312        322     1.00000e+00     3.59051e+00     5.93228e-01
       313        323     1.00000e+00     3.59049e+00     5.20057e-01
       314        324     1.00000e+00     3.59046e+00     6.27829e-01
       315        325     1.00000e+00     3.59041e+00     7.97023e-01
       316        326     1.00000e+00     3.59035e+00     8.15261e-01
       317        327     1.00000e+00     3.59029e+00     6.83285e-01
       318        328     1.00000e+00     3.59024e+00     7.08960e-01
       319        329     1.00000e+00     3.59021e+00     7.28553e-01
       320        330     1.00000e+00     3.59015e+00     7.69639e-01
       321        331     1.00000e+00     3.59008e+00     8.74425e-01
       322        332     1.00000e+00     3.59006e+00     1.14582e+00
       323        333     1.00000e+00     3.59002e+00     5.65674e-01
       324        334     1.00000e+00     3.58999e+00     4.59148e-01
       325        335     1.00000e+00     3.58995e+00     6.57406e-01
       326        336     1.00000e+00     3.58988e+00     8.70243e-01
       327        337     1.00000e+00     3.58983e+00     1.30140e+00
       328        338     1.00000e+00     3.58975e+00     7.61381e-01
       329        339     1.00000e+00     3.58971e+00     5.55014e-01
       330        340     1.00000e+00     3.58967e+00     6.93275e-01
       331        341     1.00000e+00     3.58962e+00     7.94293e-01
       332        342     1.00000e+00     3.58956e+00     1.08149e+00
       333        343     1.00000e+00     3.58950e+00     7.69788e-01
       334        344     1.00000e+00     3.58946e+00     6.69093e-01
       335        345     1.00000e+00     3.58940e+00     7.88891e-01
       336        346     1.00000e+00     3.58936e+00     8.89389e-01
       337        347     1.00000e+00     3.58929e+00     7.92250e-01
       338        348     1.00000e+00     3.58922e+00     1.12322e+00
       339        349     1.00000e+00     3.58917e+00     8.37510e-01
       340        350     1.00000e+00     3.58913e+00     7.24123e-01
       341        351     1.00000e+00     3.58907e+00     6.69655e-01
       342        352     1.00000e+00     3.58903e+00     7.76053e-01
       343        353     1.00000e+00     3.58900e+00     7.00364e-01
       344        354     1.00000e+00     3.58893e+00     8.07073e-01
       345        355     1.00000e+00     3.58888e+00     9.16427e-01
       346        356     1.00000e+00     3.58882e+00     7.21779e-01
       347        357     1.00000e+00     3.58877e+00     6.22128e-01
       348        358     1.00000e+00     3.58874e+00     7.11945e-01
       349        359     1.00000e+00     3.58870e+00     6.71514e-01
       350        360     1.00000e+00     3.58866e+00     1.02960e+00
       351        361     1.00000e+00     3.58861e+00     5.83992e-01
       352        362     1.00000e+00     3.58859e+00     4.75674e-01
       353        363     1.00000e+00     3.58856e+00     5.09417e-01
       354        364     1.00000e+00     3.58853e+00     6.54002e-01
       355        365     1.00000e+00     3.58849e+00     5.81084e-01
       356        366     1.00000e+00     3.58845e+00     5.22556e-01
       357        367     1.00000e+00     3.58842e+00     6.14714e-01
       358        368     1.00000e+00     3.58839e+00     5.24637e-01
       359        369     1.00000e+00     3.58836e+00     4.92484e-01
       360        370     1.00000e+00     3.58834e+00     5.85875e-01
       361        371     1.00000e+00     3.58831e+00     4.90454e-01
       362        372     1.00000e+00     3.58829e+00     4.36375e-01
       363        373     1.00000e+00     3.58827e+00     4.65963e-01
       364        374     1.00000e+00     3.58825e+00     5.08734e-01
       365        375     1.00000e+00     3.58822e+00     4.88449e-01
       366        376     1.00000e+00     3.58820e+00     5.45102e-01
       367        377     1.00000e+00     3.58818e+00     5.39840e-01
       368        378     1.00000e+00     3.58815e+00     4.35186e-01
       369        379     1.00000e+00     3.58812e+00     4.80498e-01
       370        380     1.00000e+00     3.58810e+00     5.72399e-01
       371        381     1.00000e+00     3.58809e+00     5.03637e-01
       372        382     1.00000e+00     3.58807e+00     5.01195e-01
       373        383     1.00000e+00     3.58805e+00     4.05117e-01
       374        384     1.00000e+00     3.58804e+00     3.89905e-01
       375        385     1.00000e+00     3.58801e+00     4.96924e-01
       376        386     1.00000e+00     3.58799e+00     6.58646e-01
       377        387     1.00000e+00     3.58797e+00     4.97511e-01
       378        388     1.00000e+00     3.58794e+00     3.83290e-01
       379        389     1.00000e+00     3.58792e+00     4.00788e-01
       380        390     1.00000e+00     3.58790e+00     5.03875e-01
       381        391     1.00000e+00     3.58788e+00     4.38569e-01
       382        392     1.00000e+00     3.58786e+00     4.05981e-01
       383        393     1.00000e+00     3.58784e+00     4.54610e-01
       384        394     1.00000e+00     3.58783e+00     4.48447e-01
       385        395     1.00000e+00     3.58781e+00     3.73409e-01
       386        396     1.00000e+00     3.58779e+00     4.15518e-01
       387        397     1.00000e+00     3.58777e+00     4.59789e-01
       388        398     1.00000e+00     3.58775e+00     4.10963e-01
       389        399     1.00000e+00     3.58774e+00     4.15399e-01
       390        400     1.00000e+00     3.58772e+00     4.14269e-01
       391        401     1.00000e+00     3.58770e+00     4.14519e-01
       392        402     1.00000e+00     3.58769e+00     7.83668e-01
       393        403     1.00000e+00     3.58766e+00     3.85646e-01
       394        404     1.00000e+00     3.58765e+00     3.35067e-01
       395        405     1.00000e+00     3.58764e+00     3.47153e-01
       396        406     1.00000e+00     3.58763e+00     4.74801e-01
       397        407     1.00000e+00     3.58761e+00     3.81358e-01
       398        408     1.00000e+00     3.58760e+00     3.15456e-01
       399        409     1.00000e+00     3.58759e+00     3.63681e-01
       400        410     1.00000e+00     3.58757e+00     4.66794e-01
Exceeded Maximum Number of Iterations
>> >> >> >> >> >> >> >> >> >> >> >> >> >> >> >> >> >> >> >> >> >> >> >> >> >> >> >> >>  Iteration   FunEvals     Step Length    Function Val        Opt Cond
         1          4     9.68952e+00     1.39217e+00     6.88298e+00
         2          5     1.00000e+00     8.02926e-01     3.11745e+00
         3          6     1.00000e+00     6.68999e-01     3.26377e+00
         4          7     1.00000e+00     5.70168e-01     1.47447e+00
         5          8     1.00000e+00     5.21958e-01     1.09348e+00
         6         10     4.63780e-01     4.98329e-01     1.88385e+00
         7         11     1.00000e+00     4.61740e-01     8.09107e-01
         8         12     1.00000e+00     4.50020e-01     4.76059e-01
         9         13     1.00000e+00     4.39629e-01     4.40886e-01
        10         14     1.00000e+00     4.34258e-01     1.28637e+00
        11         15     1.00000e+00     4.19923e-01     5.14956e-01
        12         16     1.00000e+00     4.14053e-01     3.19224e-01
        13         17     1.00000e+00     4.09706e-01     4.08094e-01
        14         18     1.00000e+00     4.02826e-01     3.96017e-01
        15         19     1.00000e+00     3.95946e-01     4.45804e-01
        16         20     1.00000e+00     3.91411e-01     3.93040e-01
        17         21     1.00000e+00     3.89044e-01     2.15900e-01
        18         22     1.00000e+00     3.86919e-01     1.91663e-01
        19         23     1.00000e+00     3.84762e-01     2.63632e-01
        20         24     1.00000e+00     3.81572e-01     2.80304e-01
        21         25     1.00000e+00     3.78068e-01     3.00211e-01
        22         26     1.00000e+00     3.76496e-01     2.71276e-01
        23         27     1.00000e+00     3.75412e-01     1.06434e-01
        24         28     1.00000e+00     3.74949e-01     1.13917e-01
        25         29     1.00000e+00     3.74153e-01     1.39702e-01
        26         30     1.00000e+00     3.73103e-01     1.34499e-01
        27         31     1.00000e+00     3.72922e-01     2.83944e-01
        28         32     1.00000e+00     3.71828e-01     8.29699e-02
        29         33     1.00000e+00     3.71576e-01     4.92727e-02
        30         34     1.00000e+00     3.71306e-01     6.31899e-02
        31         35     1.00000e+00     3.71013e-01     6.71017e-02
        32         36     1.00000e+00     3.70529e-01     5.93590e-02
        33         37     1.00000e+00     3.70361e-01     5.81086e-02
        34         38     1.00000e+00     3.70202e-01     2.88245e-02
        35         39     1.00000e+00     3.70142e-01     2.82118e-02
        36         40     1.00000e+00     3.70059e-01     2.94639e-02
        37         41     1.00000e+00     3.70046e-01     4.92620e-02
        38         42     1.00000e+00     3.69972e-01     1.60468e-02
        39         43     1.00000e+00     3.69956e-01     1.20707e-02
        40         44     1.00000e+00     3.69935e-01     1.32325e-02
        41         45     1.00000e+00     3.69908e-01     1.66770e-02
        42         46     1.00000e+00     3.69887e-01     1.55314e-02
        43         47     1.00000e+00     3.69871e-01     8.77275e-03
        44         48     1.00000e+00     3.69863e-01     8.30815e-03
        45         49     1.00000e+00     3.69855e-01     7.39948e-03
        46         50     1.00000e+00     3.69847e-01     9.47783e-03
        47         51     1.00000e+00     3.69842e-01     5.68746e-03
        48         52     1.00000e+00     3.69839e-01     5.47699e-03
        49         53     1.00000e+00     3.69836e-01     4.22849e-03
        50         54     1.00000e+00     3.69833e-01     4.12668e-03
        51         55     1.00000e+00     3.69831e-01     3.50440e-03
        52         56     1.00000e+00     3.69830e-01     2.62763e-03
        53         57     1.00000e+00     3.69829e-01     1.91586e-03
        54         58     1.00000e+00     3.69829e-01     1.56434e-03
        55         59     1.00000e+00     3.69828e-01     2.02961e-03
        56         60     1.00000e+00     3.69828e-01     1.30810e-03
        57         61     1.00000e+00     3.69828e-01     8.38816e-04
        58         62     1.00000e+00     3.69827e-01     7.97830e-04
        59         63     1.00000e+00     3.69827e-01     7.85535e-04
        60         64     1.00000e+00     3.69827e-01     7.88655e-04
        61         65     1.00000e+00     3.69827e-01     5.20170e-04
        62         66     1.00000e+00     3.69827e-01     2.99573e-04
        63         67     1.00000e+00     3.69827e-01     2.83104e-04
        64         68     1.00000e+00     3.69827e-01     2.94406e-04
        65         69     1.00000e+00     3.69827e-01     2.26038e-04
        66         71     4.42623e-01     3.69827e-01     2.63188e-04
        67         72     1.00000e+00     3.69827e-01     1.12582e-04
        68         73     1.00000e+00     3.69827e-01     8.39228e-05
        69         74     1.00000e+00     3.69827e-01     7.86708e-05
        70         75     1.00000e+00     3.69827e-01     8.92750e-05
        71         76     1.00000e+00     3.69827e-01     4.59129e-05
Directional Derivative below TolX
>> >> >> >> >> >> >> >> >> >> >> >> >> >> >> >> >> >> >> >> >> >> >> >> >> >> >> >> >> >> >> >>  Iteration   FunEvals     Step Length    Function Val        Opt Cond
[Warning: Matrix is close to singular or badly scaled. Results may be
inaccurate. RCOND =  7.630856e-19.] 
[> In polyinterp at 88
  In WolfeLineSearch at 118
  In minFunc at 1044] 
         1          4     1.45059e-04     1.74130e+04     5.96813e+05
         2          5     1.00000e+00     1.51849e+04     1.82886e+06
         3          6     1.00000e+00     1.45384e+04     2.07554e+06
         4          7     1.00000e+00     1.30214e+04     4.79727e+05
         5          8     1.00000e+00     1.26664e+04     4.44472e+05
         6          9     1.00000e+00     1.12341e+04     5.71351e+05
         7         11     4.32275e-01     1.05639e+04     7.83020e+05
         8         12     1.00000e+00     9.66821e+03     4.74002e+05
         9         13     1.00000e+00     8.94820e+03     4.50054e+05
        10         14     1.00000e+00     8.32762e+03     5.20642e+05
        11         15     1.00000e+00     7.82340e+03     3.54850e+05
        12         16     1.00000e+00     7.29535e+03     3.50277e+05
        13         17     1.00000e+00     6.81454e+03     4.84160e+05
        14         18     1.00000e+00     6.37717e+03     3.08156e+05
        15         19     1.00000e+00     5.97345e+03     2.79331e+05
        16         20     1.00000e+00     5.54523e+03     2.76195e+05
        17         21     1.00000e+00     5.19276e+03     5.83883e+05
        18         22     1.00000e+00     4.82357e+03     2.17363e+05
        19         23     1.00000e+00     4.64987e+03     2.13799e+05
        20         24     1.00000e+00     4.37118e+03     2.25251e+05
        21         25     1.00000e+00     3.96667e+03     3.57761e+05
        22         26     1.00000e+00     3.63385e+03     2.09238e+05
        23         27     1.00000e+00     3.47886e+03     1.71467e+05
        24         28     1.00000e+00     3.17844e+03     1.70392e+05
        25         29     1.00000e+00     2.94989e+03     3.86249e+05
        26         30     1.00000e+00     2.70897e+03     1.95166e+05
        27         31     1.00000e+00     2.52009e+03     1.28322e+05
        28         32     1.00000e+00     2.38866e+03     1.41877e+05
        29         33     1.00000e+00     2.17703e+03     1.42732e+05
        30         35     5.39378e-01     2.01463e+03     2.64244e+05
        31         36     1.00000e+00     1.79827e+03     1.38303e+05
        32         37     1.00000e+00     1.65685e+03     1.01707e+05
        33         38     1.00000e+00     1.49696e+03     1.02647e+05
        34         39     1.00000e+00     1.31133e+03     1.64817e+05
        35         40     1.00000e+00     1.15149e+03     9.58096e+04
        36         41     1.00000e+00     1.06393e+03     8.43697e+04
        37         42     1.00000e+00     8.73749e+02     9.17226e+04
        38         43     1.00000e+00     7.62675e+02     1.62584e+05
        39         44     1.00000e+00     6.50560e+02     7.30775e+04
        40         45     1.00000e+00     5.95544e+02     6.21700e+04
        41         46     1.00000e+00     5.11181e+02     6.57951e+04
        42         47     1.00000e+00     4.35503e+02     1.17684e+05
        43         48     1.00000e+00     3.71458e+02     5.66075e+04
        44         49     1.00000e+00     3.32670e+02     4.38068e+04
        45         50     1.00000e+00     2.94615e+02     4.53238e+04
        46         51     1.00000e+00     2.33057e+02     4.11484e+04
        47         52     1.00000e+00     1.75381e+02     5.98236e+04
        48         53     1.00000e+00     1.28488e+02     2.61608e+04
        49         54     1.00000e+00     1.13361e+02     1.81985e+04
        50         55     1.00000e+00     9.29366e+01     1.62594e+04
        51         56     1.00000e+00     6.94651e+01     1.51024e+04
        52         57     1.00000e+00     5.15313e+01     1.72999e+04
        53         58     1.00000e+00     4.10411e+01     8.96162e+03
        54         59     1.00000e+00     3.32127e+01     6.73537e+03
        55         60     1.00000e+00     2.42154e+01     4.86520e+03
        56         61     1.00000e+00     1.90180e+01     9.98752e+03
        57         62     1.00000e+00     1.49139e+01     3.89119e+03
        58         63     1.00000e+00     1.30635e+01     2.62760e+03
        59         64     1.00000e+00     1.09968e+01     1.97212e+03
        60         65     1.00000e+00     8.88344e+00     1.52115e+03
        61         66     1.00000e+00     7.15642e+00     1.68481e+03
        62         67     1.00000e+00     5.95360e+00     6.89599e+02
        63         68     1.00000e+00     5.46248e+00     4.37068e+02
        64         69     1.00000e+00     4.98447e+00     3.80034e+02
        65         70     1.00000e+00     4.67695e+00     4.43048e+02
        66         71     1.00000e+00     4.54157e+00     2.24403e+02
        67         72     1.00000e+00     4.44838e+00     1.36143e+02
        68         73     1.00000e+00     4.35890e+00     8.87530e+01
        69         74     1.00000e+00     4.24656e+00     7.35358e+01
        70         75     1.00000e+00     4.11362e+00     1.07182e+02
        71         76     1.00000e+00     4.02207e+00     9.08897e+01
        72         77     1.00000e+00     3.94663e+00     8.42388e+01
        73         78     1.00000e+00     3.85023e+00     8.56340e+01
        74         79     1.00000e+00     3.73519e+00     7.99347e+01
        75         80     1.00000e+00     3.61589e+00     9.47705e+01
        76         81     1.00000e+00     3.50638e+00     9.59602e+01
        77         82     1.00000e+00     3.38709e+00     9.76551e+01
        78         83     1.00000e+00     3.22154e+00     1.00216e+02
        79         84     1.00000e+00     3.07021e+00     2.12850e+02
        80         85     1.00000e+00     2.96580e+00     9.35712e+01
        81         86     1.00000e+00     2.86963e+00     1.17450e+02
        82         87     1.00000e+00     2.74248e+00     2.54857e+02
        83         88     1.00000e+00     2.59450e+00     8.04943e+01
        84         89     1.00000e+00     2.52417e+00     8.75257e+01
        85         91     5.78238e-01     2.33060e+00     1.26529e+02
        86         92     1.00000e+00     2.23366e+00     1.62048e+02
        87         93     1.00000e+00     2.13750e+00     6.71604e+01
        88         94     1.00000e+00     2.04011e+00     7.14260e+01
        89         95     1.00000e+00     1.88801e+00     1.72894e+02
        90         96     1.00000e+00     1.76939e+00     9.69451e+01
        91         97     1.00000e+00     1.71808e+00     6.55975e+01
        92         98     1.00000e+00     1.64774e+00     7.75348e+01
        93         99     1.00000e+00     1.53739e+00     6.31560e+01
        94        100     1.00000e+00     1.46494e+00     5.23660e+01
        95        101     1.00000e+00     1.39448e+00     5.38058e+01
        96        102     1.00000e+00     1.29363e+00     5.37979e+01
        97        103     1.00000e+00     1.22601e+00     5.46004e+01
        98        104     1.00000e+00     1.19118e+00     3.45168e+01
        99        105     1.00000e+00     1.15190e+00     3.57288e+01
       100        106     1.00000e+00     1.10617e+00     2.96602e+01
       101        107     1.00000e+00     1.06239e+00     3.82739e+01
       102        108     1.00000e+00     1.02678e+00     2.84035e+01
       103        109     1.00000e+00     9.87827e-01     2.56865e+01
       104        110     1.00000e+00     9.51276e-01     2.68145e+01
       105        111     1.00000e+00     9.21559e-01     2.24393e+01
       106        112     1.00000e+00     8.90145e-01     2.20739e+01
       107        113     1.00000e+00     8.65400e-01     5.89539e+01
       108        114     1.00000e+00     8.38550e-01     2.12953e+01
       109        115     1.00000e+00     8.28567e-01     1.90870e+01
       110        116     1.00000e+00     8.09438e-01     1.86597e+01
       111        117     1.00000e+00     7.84507e-01     1.93234e+01
       112        118     1.00000e+00     7.60592e-01     3.82004e+01
       113        119     1.00000e+00     7.40780e-01     1.76382e+01
       114        120     1.00000e+00     7.29209e-01     1.51125e+01
       115        121     1.00000e+00     7.15508e-01     1.55296e+01
       116        122     1.00000e+00     6.95622e-01     1.60832e+01
       117        123     1.00000e+00     6.65831e-01     1.62023e+01
       118        124     1.00000e+00     6.45363e-01     2.46797e+01
       119        125     1.00000e+00     6.27691e-01     1.14591e+01
       120        126     1.00000e+00     6.17764e-01     1.10156e+01
       121        127     1.00000e+00     6.02233e-01     1.05116e+01
       122        128     1.00000e+00     5.83317e-01     1.31813e+01
       123        129     1.00000e+00     5.64794e-01     1.03909e+01
       124        130     1.00000e+00     5.52697e-01     8.90304e+00
       125        131     1.00000e+00     5.37358e-01     9.18568e+00
       126        132     1.00000e+00     5.23426e-01     1.08518e+01
       127        133     1.00000e+00     5.12600e-01     7.46319e+00
       128        134     1.00000e+00     5.01262e-01     8.36842e+00
       129        135     1.00000e+00     4.88129e-01     8.01500e+00
       130        136     1.00000e+00     4.73462e-01     1.08203e+01
       131        137     1.00000e+00     4.61115e-01     7.11824e+00
       132        138     1.00000e+00     4.53830e-01     5.88521e+00
       133        139     1.00000e+00     4.43925e-01     6.28791e+00
       134        140     1.00000e+00     4.35300e-01     9.89855e+00
       135        141     1.00000e+00     4.28283e-01     6.18341e+00
       136        142     1.00000e+00     4.21823e-01     5.94803e+00
       137        143     1.00000e+00     4.15848e-01     5.75909e+00
       138        144     1.00000e+00     4.06359e-01     5.41080e+00
       139        145     1.00000e+00     3.96342e-01     6.29282e+00
       140        146     1.00000e+00     3.90166e-01     4.56775e+00
       141        147     1.00000e+00     3.86050e-01     4.63971e+00
       142        148     1.00000e+00     3.79981e-01     4.22705e+00
       143        149     1.00000e+00     3.71665e-01     4.58219e+00
       144        150     1.00000e+00     3.64219e-01     4.06759e+00
       145        151     1.00000e+00     3.60382e-01     3.24598e+00
       146        152     1.00000e+00     3.55934e-01     3.44206e+00
       147        153     1.00000e+00     3.48946e-01     3.51764e+00
       148        154     1.00000e+00     3.43414e-01     3.55481e+00
       149        155     1.00000e+00     3.39721e-01     3.01959e+00
       150        156     1.00000e+00     3.34174e-01     2.85123e+00
       151        157     1.00000e+00     3.29667e-01     3.33093e+00
       152        158     1.00000e+00     3.26077e-01     2.61203e+00
       153        159     1.00000e+00     3.22325e-01     2.56365e+00
       154        160     1.00000e+00     3.18826e-01     2.42701e+00
       155        161     1.00000e+00     3.13607e-01     2.52659e+00
       156        162     1.00000e+00     3.08378e-01     2.68626e+00
       157        163     1.00000e+00     3.05370e-01     2.11318e+00
       158        164     1.00000e+00     3.02946e-01     2.19182e+00
       159        165     1.00000e+00     3.00173e-01     2.12623e+00
       160        166     1.00000e+00     2.95311e-01     2.30957e+00
       161        167     1.00000e+00     2.91612e-01     2.35561e+00
       162        168     1.00000e+00     2.89674e-01     1.85315e+00
       163        169     1.00000e+00     2.87134e-01     1.87595e+00
       164        170     1.00000e+00     2.83707e-01     1.71440e+00
       165        171     1.00000e+00     2.79750e-01     2.08365e+00
       166        172     1.00000e+00     2.76746e-01     1.61534e+00
       167        173     1.00000e+00     2.74762e-01     1.55237e+00
       168        174     1.00000e+00     2.72276e-01     1.56836e+00
       169        175     1.00000e+00     2.68421e-01     1.69593e+00
       170        176     1.00000e+00     2.65636e-01     1.58697e+00
       171        177     1.00000e+00     2.63929e-01     1.40244e+00
       172        178     1.00000e+00     2.61241e-01     1.33966e+00
       173        179     1.00000e+00     2.58393e-01     1.51607e+00
       174        180     1.00000e+00     2.56472e-01     1.25097e+00
       175        181     1.00000e+00     2.54848e-01     1.27312e+00
       176        182     1.00000e+00     2.53124e-01     1.20290e+00
       177        183     1.00000e+00     2.49942e-01     1.33438e+00
       178        184     1.00000e+00     2.47491e-01     1.43617e+00
       179        185     1.00000e+00     2.45853e-01     1.04860e+00
       180        186     1.00000e+00     2.44538e-01     1.12849e+00
       181        187     1.00000e+00     2.43164e-01     1.09916e+00
       182        188     1.00000e+00     2.40177e-01     1.09148e+00
       183        189     1.00000e+00     2.38103e-01     1.43133e+00
       184        190     1.00000e+00     2.35902e-01     8.99335e-01
       185        191     1.00000e+00     2.34906e-01     8.68030e-01
       186        192     1.00000e+00     2.33539e-01     8.44105e-01
       187        193     1.00000e+00     2.31149e-01     8.90282e-01
       188        194     1.00000e+00     2.29330e-01     1.18385e+00
       189        195     1.00000e+00     2.27710e-01     8.19469e-01
       190        196     1.00000e+00     2.26846e-01     7.81103e-01
       191        197     1.00000e+00     2.25820e-01     7.73117e-01
       192        198     1.00000e+00     2.23948e-01     8.76321e-01
       193        199     1.00000e+00     2.22448e-01     8.18743e-01
       194        200     1.00000e+00     2.21598e-01     7.46153e-01
       195        201     1.00000e+00     2.20360e-01     7.38493e-01
       196        202     1.00000e+00     2.18556e-01     8.35767e-01
       197        203     1.00000e+00     2.17114e-01     7.67640e-01
       198        204     1.00000e+00     2.16071e-01     6.80796e-01
       199        205     1.00000e+00     2.14689e-01     7.79157e-01
       200        206     1.00000e+00     2.13498e-01     7.00329e-01
       201        207     1.00000e+00     2.12281e-01     6.75347e-01
       202        208     1.00000e+00     2.11016e-01     7.16006e-01
       203        209     1.00000e+00     2.10091e-01     6.57536e-01
       204        210     1.00000e+00     2.09029e-01     6.46027e-01
       205        211     1.00000e+00     2.07931e-01     6.88911e-01
       206        212     1.00000e+00     2.07063e-01     6.43599e-01
       207        213     1.00000e+00     2.05902e-01     5.97366e-01
       208        214     1.00000e+00     2.04585e-01     6.69198e-01
       209        215     1.00000e+00     2.03692e-01     6.09703e-01
       210        216     1.00000e+00     2.03046e-01     5.67604e-01
       211        217     1.00000e+00     2.02159e-01     5.71956e-01
       212        218     1.00000e+00     2.01128e-01     5.88150e-01
       213        219     1.00000e+00     2.00445e-01     5.19075e-01
       214        220     1.00000e+00     1.99968e-01     5.18607e-01
       215        221     1.00000e+00     1.98968e-01     5.18445e-01
       216        222     1.00000e+00     1.97916e-01     5.37331e-01
       217        223     1.00000e+00     1.97249e-01     4.66334e-01
       218        224     1.00000e+00     1.96679e-01     4.59491e-01
       219        225     1.00000e+00     1.95860e-01     4.57939e-01
       220        226     1.00000e+00     1.94808e-01     5.35683e-01
       221        227     1.00000e+00     1.94150e-01     4.72009e-01
       222        228     1.00000e+00     1.93702e-01     4.66043e-01
       223        229     1.00000e+00     1.92934e-01     4.58659e-01
       224        230     1.00000e+00     1.92055e-01     4.89635e-01
       225        231     1.00000e+00     1.91489e-01     4.06863e-01
       226        232     1.00000e+00     1.91054e-01     3.95115e-01
       227        233     1.00000e+00     1.90444e-01     3.99834e-01
       228        234     1.00000e+00     1.89647e-01     4.51194e-01
       229        235     1.00000e+00     1.89144e-01     4.15461e-01
       230        236     1.00000e+00     1.88766e-01     3.94570e-01
       231        237     1.00000e+00     1.88243e-01     3.94848e-01
       232        238     1.00000e+00     1.87542e-01     4.41826e-01
       233        239     1.00000e+00     1.87031e-01     3.85247e-01
       234        240     1.00000e+00     1.86572e-01     3.78942e-01
       235        241     1.00000e+00     1.86025e-01     3.77213e-01
       236        242     1.00000e+00     1.85166e-01     4.09853e-01
       237        243     1.00000e+00     1.84696e-01     3.57529e-01
       238        244     1.00000e+00     1.84391e-01     3.41228e-01
       239        245     1.00000e+00     1.83861e-01     3.46446e-01
       240        246     1.00000e+00     1.83308e-01     4.33644e-01
       241        247     1.00000e+00     1.82949e-01     3.24291e-01
       242        248     1.00000e+00     1.82730e-01     3.23751e-01
       243        249     1.00000e+00     1.82478e-01     3.17395e-01
       244        250     1.00000e+00     1.81928e-01     3.72534e-01
       245        251     1.00000e+00     1.81595e-01     3.84690e-01
       246        252     1.00000e+00     1.81387e-01     3.01432e-01
       247        253     1.00000e+00     1.81173e-01     2.94128e-01
       248        254     1.00000e+00     1.80946e-01     2.93234e-01
       249        255     1.00000e+00     1.80370e-01     3.28548e-01
       250        256     1.00000e+00     1.80022e-01     4.34121e-01
       251        257     1.00000e+00     1.79802e-01     3.24028e-01
       252        258     1.00000e+00     1.79626e-01     3.14454e-01
       253        259     1.00000e+00     1.79470e-01     3.03106e-01
       254        260     1.00000e+00     1.79021e-01     3.07246e-01
       255        261     1.00000e+00     1.78701e-01     4.30863e-01
       256        262     1.00000e+00     1.78347e-01     2.89312e-01
       257        263     1.00000e+00     1.78197e-01     2.77241e-01
       258        264     1.00000e+00     1.77993e-01     2.77749e-01
       259        265     1.00000e+00     1.77642e-01     3.58019e-01
       260        266     1.00000e+00     1.77378e-01     3.74917e-01
       261        267     1.00000e+00     1.77182e-01     2.78766e-01
       262        268     1.00000e+00     1.77056e-01     2.78695e-01
       263        269     1.00000e+00     1.76900e-01     2.71136e-01
       264        270     1.00000e+00     1.76744e-01     4.36604e-01
       265        271     1.00000e+00     1.76426e-01     2.85591e-01
       266        272     1.00000e+00     1.76276e-01     2.79393e-01
       267        273     1.00000e+00     1.76113e-01     2.94079e-01
       268        274     1.00000e+00     1.75805e-01     2.98846e-01
       269        275     1.00000e+00     1.75364e-01     3.07757e-01
       270        276     1.00000e+00     1.75136e-01     3.64105e-01
       271        277     1.00000e+00     1.74901e-01     2.73134e-01
       272        278     1.00000e+00     1.74740e-01     2.70505e-01
       273        279     1.00000e+00     1.74520e-01     2.65193e-01
       274        280     1.00000e+00     1.74280e-01     4.09888e-01
       275        281     1.00000e+00     1.73944e-01     2.75686e-01
       276        282     1.00000e+00     1.73777e-01     2.59116e-01
       277        283     1.00000e+00     1.73596e-01     2.70980e-01
       278        284     1.00000e+00     1.73304e-01     3.05834e-01
       279        285     1.00000e+00     1.73067e-01     2.71587e-01
       280        286     1.00000e+00     1.72919e-01     2.48043e-01
       281        287     1.00000e+00     1.72760e-01     2.66683e-01
       282        288     1.00000e+00     1.72586e-01     2.95757e-01
       283        289     1.00000e+00     1.72410e-01     2.45187e-01
       284        290     1.00000e+00     1.72154e-01     2.43914e-01
       285        291     1.00000e+00     1.71971e-01     2.44998e-01
       286        292     1.00000e+00     1.71665e-01     2.74371e-01
       287        293     1.00000e+00     1.71427e-01     2.97136e-01
       288        294     1.00000e+00     1.71254e-01     2.43904e-01
       289        295     1.00000e+00     1.71054e-01     2.35486e-01
       290        296     1.00000e+00     1.70871e-01     2.36107e-01
       291        297     1.00000e+00     1.70470e-01     2.46425e-01
       292        299     4.61328e-01     1.70270e-01     2.89153e-01
       293        300     1.00000e+00     1.70004e-01     2.34167e-01
       294        301     1.00000e+00     1.69857e-01     2.27383e-01
       295        302     1.00000e+00     1.69669e-01     2.47955e-01
       296        303     1.00000e+00     1.69445e-01     2.46737e-01
       297        304     1.00000e+00     1.69254e-01     2.18687e-01
       298        305     1.00000e+00     1.69063e-01     2.10041e-01
       299        306     1.00000e+00     1.68853e-01     2.23745e-01
       300        307     1.00000e+00     1.68568e-01     2.29058e-01
       301        308     1.00000e+00     1.68386e-01     2.21277e-01
       302        309     1.00000e+00     1.68228e-01     2.09011e-01
       303        310     1.00000e+00     1.67971e-01     2.05615e-01
       304        311     1.00000e+00     1.67712e-01     2.19640e-01
       305        312     1.00000e+00     1.67481e-01     2.40259e-01
       306        313     1.00000e+00     1.67291e-01     2.08831e-01
       307        314     1.00000e+00     1.67089e-01     2.01590e-01
       308        315     1.00000e+00     1.66888e-01     2.03988e-01
       309        316     1.00000e+00     1.66670e-01     2.66605e-01
       310        317     1.00000e+00     1.66456e-01     1.99986e-01
       311        318     1.00000e+00     1.66351e-01     1.84266e-01
       312        319     1.00000e+00     1.66238e-01     1.88860e-01
       313        320     1.00000e+00     1.66112e-01     2.86936e-01
       314        321     1.00000e+00     1.65925e-01     2.05826e-01
       315        322     1.00000e+00     1.65803e-01     1.93738e-01
       316        323     1.00000e+00     1.65701e-01     2.00335e-01
       317        324     1.00000e+00     1.65500e-01     2.01926e-01
       318        326     4.23311e-01     1.65360e-01     2.55339e-01
       319        327     1.00000e+00     1.65151e-01     2.03370e-01
       320        328     1.00000e+00     1.65042e-01     1.92000e-01
       321        329     1.00000e+00     1.64867e-01     2.01687e-01
       322        330     1.00000e+00     1.64683e-01     2.19324e-01
       323        331     1.00000e+00     1.64530e-01     1.78265e-01
       324        332     1.00000e+00     1.64396e-01     1.75100e-01
       325        333     1.00000e+00     1.64244e-01     1.75828e-01
       326        334     1.00000e+00     1.64129e-01     2.42456e-01
       327        335     1.00000e+00     1.63988e-01     1.76757e-01
       328        336     1.00000e+00     1.63917e-01     1.72992e-01
       329        337     1.00000e+00     1.63829e-01     1.76507e-01
       330        338     1.00000e+00     1.63662e-01     1.74920e-01
       331        339     1.00000e+00     1.63493e-01     2.68693e-01
       332        340     1.00000e+00     1.63267e-01     1.86320e-01
       333        341     1.00000e+00     1.63152e-01     1.70582e-01
       334        342     1.00000e+00     1.63056e-01     1.74199e-01
       335        343     1.00000e+00     1.62952e-01     2.31576e-01
       336        344     1.00000e+00     1.62808e-01     1.70637e-01
       337        345     1.00000e+00     1.62710e-01     1.61627e-01
       338        346     1.00000e+00     1.62615e-01     1.62937e-01
       339        347     1.00000e+00     1.62448e-01     1.74487e-01
       340        348     1.00000e+00     1.62332e-01     2.35987e-01
       341        349     1.00000e+00     1.62186e-01     1.64420e-01
       342        350     1.00000e+00     1.62114e-01     1.63275e-01
       343        351     1.00000e+00     1.61998e-01     1.77496e-01
       344        352     1.00000e+00     1.61881e-01     2.12398e-01
       345        353     1.00000e+00     1.61740e-01     1.71183e-01
       346        354     1.00000e+00     1.61649e-01     1.67422e-01
       347        355     1.00000e+00     1.61534e-01     1.89582e-01
       348        357     4.13162e-01     1.61455e-01     2.09613e-01
       349        358     1.00000e+00     1.61357e-01     1.74786e-01
       350        359     1.00000e+00     1.61277e-01     1.63455e-01
       351        360     1.00000e+00     1.61170e-01     1.61858e-01
       352        361     1.00000e+00     1.60989e-01     2.09217e-01
       353        362     1.00000e+00     1.60927e-01     2.78890e-01
       354        363     1.00000e+00     1.60776e-01     1.60941e-01
       355        364     1.00000e+00     1.60727e-01     1.59027e-01
       356        365     1.00000e+00     1.60647e-01     1.59425e-01
       357        366     1.00000e+00     1.60491e-01     1.73327e-01
       358        368     3.88475e-01     1.60423e-01     1.83274e-01
       359        369     1.00000e+00     1.60336e-01     1.58940e-01
       360        370     1.00000e+00     1.60274e-01     1.62651e-01
       361        371     1.00000e+00     1.60175e-01     1.72317e-01
       362        373     5.02780e-01     1.60121e-01     2.07750e-01
       363        374     1.00000e+00     1.60019e-01     1.71041e-01
       364        375     1.00000e+00     1.59943e-01     1.49386e-01
       365        376     1.00000e+00     1.59859e-01     1.52049e-01
       366        377     1.00000e+00     1.59758e-01     1.57986e-01
       367        379     1.39918e-01     1.59733e-01     1.79367e-01
       368        380     1.00000e+00     1.59640e-01     1.60718e-01
       369        381     1.00000e+00     1.59551e-01     1.43513e-01
       370        382     1.00000e+00     1.59429e-01     1.42953e-01
       371        383     1.00000e+00     1.59320e-01     1.42716e-01
       372        384     1.00000e+00     1.59153e-01     1.74605e-01
       373        386     4.53433e-01     1.59080e-01     1.69140e-01
       374        387     1.00000e+00     1.59014e-01     1.37645e-01
       375        388     1.00000e+00     1.58965e-01     1.34864e-01
       376        389     1.00000e+00     1.58907e-01     1.42378e-01
       377        390     1.00000e+00     1.58846e-01     1.92981e-01
       378        391     1.00000e+00     1.58730e-01     1.53454e-01
       379        392     1.00000e+00     1.58674e-01     1.40795e-01
       380        393     1.00000e+00     1.58566e-01     1.37116e-01
       381        394     1.00000e+00     1.58458e-01     1.66785e-01
       382        395     1.00000e+00     1.58355e-01     1.77649e-01
       383        396     1.00000e+00     1.58282e-01     1.46153e-01
       384        397     1.00000e+00     1.58222e-01     1.42129e-01
       385        398     1.00000e+00     1.58167e-01     1.62173e-01
       386        399     1.00000e+00     1.58069e-01     1.57160e-01
       387        400     1.00000e+00     1.57893e-01     1.54578e-01
       388        401     1.00000e+00     1.57812e-01     1.99015e-01
       389        402     1.00000e+00     1.57675e-01     1.41478e-01
       390        403     1.00000e+00     1.57619e-01     1.25166e-01
       391        404     1.00000e+00     1.57538e-01     1.34322e-01
       392        405     1.00000e+00     1.57431e-01     1.29954e-01
       393        406     1.00000e+00     1.57310e-01     1.36430e-01
       394        407     1.00000e+00     1.57272e-01     2.05133e-01
       395        408     1.00000e+00     1.57167e-01     1.36589e-01
       396        409     1.00000e+00     1.57120e-01     1.26536e-01
       397        410     1.00000e+00     1.57039e-01     1.30836e-01
       398        411     1.00000e+00     1.56943e-01     1.30846e-01
       399        412     1.00000e+00     1.56925e-01     2.06610e-01
       400        413     1.00000e+00     1.56801e-01     1.24271e-01
Exceeded Maximum Number of Iterations
>> >> >> >> >> >> >> >> >> >> >> >> >> >> >> >> >> >> >> >> >> >> >> Before Finetuning Test Accuracy: 91.770%
>> >> >> >> >> After Finetuning Test Accuracy: 97.590%
>> >> >> >> >> >> >> >> >> >> >> >> Volkan ;) ;) ;)
